862 -564
450 144
-770 442
-915 -840
875 -824
220 522
-83 186
542 -547
651 832
489 575
588 285
-859 -229
-434 675
147 33
-186 -635
-958 -249
318 26
956 -335
-319 -807
-899 296
268 827
-674 -786
-509 266
549 -345
407 -658
-867 493
-376 -933
-472 261
865 834
430 -132
114 -840
88 805
-35 -896
-472 660
-469 631
-446 908
-634 12
80 -685
-446 -668
754 -598
-92 583
472 51
47 -44
504 -954
424 438
-652 532
9 732
-874 -690
-749 -372
382 613
398 974
-639 573
627 810
978 916
350 -127
965 682
490 -979
-506 42
-431 107
910 -78
-60 -112
-169 -279
-683 -669
904 -88
-727 -994
274 -65
-360 -821
-565 230
-732 -975
53 -259
-473 7
-584 185
-412 55
-614 -495
374 618
-360 -535
-566 293
816 -727
-77 859
-598 -807
233 279
361 490
16 827
56 -829
-32 -821
-51 723
-299 82
297 806
-630 968
20 -233
729 811
234 139
-971 597
-396 771
-237 883
-863 963
31 509
391 -755
-884 -71
295 -130
-898 592
345 655
510 423
-450 312
-82 316
547 992
-710 -608
-419 -629
337 940
-498 302
870 278
33 491
731 252
306 993
694 -317
324 -99
-773 -511
116 568
-686 -648
489 650
222 -552
-331 781
-554 -371
-165 -466
-206 -604
23 -862
-23 860
-899 460
-347 -516
-544 349
540 -443
795 -384
-191 -413
969 783
126 974
-949 -353
-440 -364
836 -755
-131 952
-495 727
-711 -235
416 -579
-714 128
197 -280
602 -590
-819 86
-709 -968
-183 598
69 -460
-865 -586
523 -882
739 -79
-330 981
88 95
634 246
65 305
74 -754
-934 -953
990 211
-446 293
840 760
967 -244
164 50
61 406
-880 666
-766 -711
583 497
-456 226
-485 547
449 -417
171 935
-997 -543
91 -871
936 841
41 619
-866 -662
10 506
-949 208
708 -218
-388 919
994 -780
-436 -545
-765 38
77 228
-375 995
821 293
-436 752
702 632
-409 777
315 -326
-111 839
-180 985
440 495
370 -622
-547 -764
-876 571
-894 218
-49 54
-619 468
-689 151
900 -974
801 123
-970 805
661 479
-317 605
-652 136
79 -82
-731 -279
-454 -914
237 34
-458 -467
595 -338
-75 -90
-420 17
365 271
2 -433
112 -71
-307 415
-485 963
260 -858
-587 -35
-397 462
532 672
-450 715
209 973
-930 -997
-986 772
-85 75
407 829
211 164
-186 863
-772 264
143 -506
878 768
-317 324
64 450
322 -75
583 -538
-885 -221
-579 224
462 -1000
429 71
-510 835
937 -559
533 -368
750 -396
-879 -563
-183 -122
-848 -890
173 66
-795 746
874 209
-736 276
-624 318
-288 -403
-728 255
-443 -326
579 -452
-246 923
254 -537
642 -613
-485 218
348 351
-561 226
337 202
-979 -743
438 -337
-650 -292
522 -445
-510 391
880 -762
-893 -40
-987 362
989 627
-63 -220
-80 711
98 -569
928 416
-112 101
267 -477
65 915
-947 -621
917 -762
-359 -849
4 810
905 -805
725 672
-579 -152
-352 788
-828 50
-554 561
-875 100
369 150
511 840
359 -512
-665 -788
-790 431
-970 210
-91 -768
-311 -545
-688 467
-866 172
-861 630
450 -536
-554 -143
248 622
-402 256
880 -370
738 81
-62 -525
88 134
396 71
-618 964
-921 -418
-423 948
-687 -137
646 -261
-763 -639
972 -68
695 -729
-304 38
224 309
-5 -872
-902 768
154 160
-958 168
-178 -282
563 693
251 -968
-771 -834
-651 802
668 -568
489 81
-471 356
823 -753
-144 -807
609 416
-167 -714
828 646
-474 -342
-530 781
724 -662
-880 174
590 43
228 -954
723 -378
831 263
655 629
36 -466
-807 -288
-528 736
-760 -282
896 -480
151 651
-45 122
2 -960
-997 566
-723 171
946 800
-592 422
727 -798
9 912
-831 979
791 -160
-673 -489
963 723
138 628
-770 228
396 -55
804 932
235 -74
900 87
810 -451
916 -828
731 -992
-179 225
880 401
268 -268
807 640
-965 724
-369 -926
-608 -299
1 802
939 -606
-630 339
184 -412
-734 256
-877 377
-588 -823
-565 443
434 -141
231 -431
866 79
-795 -73
-620 -486
330 -891
-86 295
-378 252
774 961
-47 -349
303 711
-697 273
-412 417
613 -860
-630 516
658 -316
718 525
602 -126
993 18
338 169
596 -813
-497 41
-4 845
-27 -704
181 -974
-269 -725
73 44
-565 967
928 -512
758 909
795 -721
-4 700
203 -957
-862 -637
-439 -220
-375 228
-641 253
-861 -317
959 -368
137 553
-655 -683
716 -514
-530 809
958 600
314 -171
713 463
362 743
879 446
712 -971
-393 -913
-708 -178
910 910
-419 270
-606 600
-306 -926
-642 -584
-923 767
815 791
-832 -849
-456 976
-951 22
949 221
-454 -663
-842 -909
-729 659
62 -912
63 -743
371 -233
381 540
679 85
716 335
-374 625
852 -491
-738 381
-511 303
545 194
-70 186
773 946
-995 -256
796 501
246 420
-899 45
-697 945
625 -294
-606 -456
740 -612
-212 -357
-827 753
-182 742
308 702
942 -689
703 -489
728 193
-900 474
49 570
-754 418
166 -308
-48 203
-1000 200
-331 -454
-981 -260
-216 916
934 952
-149 -594
168 39
865 -875
-734 518
-457 -15
-978 -665
486 898
-548 832
-655 144
-577 -703
-407 -768
984 679
801 951
-89 -965
416 -168
801 -92
520 521
-187 -82
687 423
-640 -451
733 165
-589 -597
188 638
500 824
-619 -324
-950 409
-551 -665
271 609
-155 822
-846 171
38 -754
-383 946
384 -90
342 265
953 340
-67 292
-922 421
-499 224
573 -623
-774 408
-162 -210
125 -503
863 974
-590 -146
-994 -809
920 954
-280 -674
-645 913
-121 -897
911 324
769 683
424 932
221 779
-158 576
-830 -509
264 924
-342 -183
-16 -954
-807 -917
878 -837
-951 765
695 864
-990 -884
819 -490
-539 -458
653 -962
-403 -674
45 -641
960 -35
481 -2
528 871
-918 383
490 -719
-909 455
-387 -246
541 267
-173 -731
174 716
-273 210
-87 -833
602 698
626 -369
417 986
-70 803
-503 476
-605 -412
4 425
-227 40
99 -19
-271 308
-894 823
572 180
867 528
-208 622
-466 -425
-419 912
-641 -629
656 -886
82 -955
7 -634
962 -235
67 565
-495 -837
-981 716
563 713
157 -107
480 -565
138 315
-193 -958
-464 -753
-788 -343
246 -873
426 -380
585 355
-984 -107
600 -712
465 -7
-246 -774
-379 618
719 665
-521 770
-432 -266
-589 610
720 308
-223 -387
-243 -449
-626 -130
-510 -811
440 123
-668 -421
-611 524
314 -802
-412 -231
14 -972
-818 253
-223 -161
541 -858
795 -294
-66 -128
213 507
74 -208
-367 -648
-995 -169
333 562
-961 -457
-355 -72
260 -554
629 -495
428 778
-414 -719
-274 -420
840 -701
27 248
687 852
443 -817
-921 557
428 921
-313 902
-341 -394
970 -209
-625 284
-70 997
162 -810
18 925
-800 650
425 933
914 -234
605 -707
844 352
187 623
-808 -773
444 118
-249 -156
829 -426
809 -949
551 -272
327 -176
-805 318
342 -954
-49 879
264 -145
-613 704
780 335
-301 -302
563 105
472 -165
-1 -201
-190 896
264 -1
-649 32
77 -675
-259 760
321 519
-107 -500
658 -287
-47 904
526 -943
391 332
-466 -397
-680 315
-965 -103
-344 -364
560 527
-759 357
-351 352
-653 -268
-111 305
-772 755
470 702
-345 270
-624 -789
234 -667
-646 -607
-592 -311
-888 406
-614 -291
-81 501
974 -328
-871 -212
-534 527
-286 -352
-102 688
99 785
-561 -6
-519 74
340 985
-842 -549
-51 783
172 242
270 611
569 642
0 387
-654 971
638 -104
-628 -157
978 -202
557 -115
360 481
-452 -407
350 732
266 -203
708 -340
-904 845
561 887
483 509
-138 -132
783 -975
642 528
-301 -709
-344 -611
-592 423
366 -751
569 62
-218 -152
489 974
754 66
-510 -984
460 249
226 -511
216 365
473 -671
466 -287
535 -438
718 -674
-982 588
32 -974
-56 -982
812 900
-478 364
844 -726
-530 -215
-127 -351
-610 -869
-212 495
-166 -267
-960 847
-201 -684
58 805
204 555
-481 -428
689 717
56 -375
499 570
826 -760
-110 -996
537 546
-528 -880
158 570
915 -90
549 139
-698 -597
628 660
-468 665
782 515
-53 146
736 381
-244 -12
-25 704
119 944
-282 -355
750 786
-197 -884
269 549
589 688
-737 -133
591 38
-594 -774
-172 -440
626 -790
306 554
-794 609
-243 367
-546 -472
-58 181
-820 -749
42 -724
159 347
-413 -811
-972 -538
-528 303
-826 -72
-702 -753
196 -187
-376 -451
327 523
831 139
63 29
166 -985
-96 -85
462 -209
-893 -463
802 270
364 675
-755 -276
581 -214
223 360
299 264
-443 70
602 99
-914 614
-69 113
211 -115
923 -289
297 -493
503 153
-665 -858
687 -203
902 607
421 -722
435 -349
503 -709
-26 -635
-17 35
-147 -763
-100 565
830 796
814 385
117 -289
506 240
-783 -400
982 -322
-675 838
781 -511
973 780
969 329
610 109
-918 -274
958 -461
-290 934
933 -930
948 749
-718 -765
477 83
227 -246
-703 187
-96 141
80 -131
-754 -925
-33 -986
340 716
-928 -75
-31 -189
-92 -443
-104 592
287 980
71 829
-68 697
525 -832
727 -110
-963 -419
458 -848
875 735
859 867
-555 -620
394 -34
171 -257
-504 -225
752 924
-37 -930
299 57
-447 -65
431 588
767 648
401 617
-755 -210
638 -221
-598 912
-411 -562
-811 644
367 -314
167 215
-832 385
442 -242
-968 -389
403 453
-151 -547
248 920
79 -88
-527 -390
737 -931
550 -678
626 65
-521 -251
-445 -179
-536 790
726 44
-75 951
-142 -79
-139 581
904 -730
-373 -657
-480 -605
-264 -544
594 -716
-809 178
-247 591
-277 -859
279 -67
78 914
502 174
-179 -121
753 940
-574 -338
-282 816
-819 -9
-308 -518
-952 -501
-849 -960
-613 743
-675 -584
-865 697
-19 307
144 142
247 -188
227 547
331 -120
-982 -947
641 987
-255 526
-163 -267
-240 -293
-612 122
447 963
171 -225
-207 907
313 -263
682 -878
-589 56
624 411
-969 -210
-239 -468
-481 778
-887 -788
-350 615
-448 -74
-920 463
671 -498
-495 -181
-810 -913
-107 -597
-841 588
272 558
860 -320
-637 91
-974 -63
-759 -825
-10 126
-349 -562
816 171
-977 493
-128 943
107 994
968 -107
-842 -657
379 -474
-600 212
-300 455
297 -994
-845 842
-141 734
-380 768
-106 483
-661 -176
-344 -892
-581 961
599 -720
882 311
685 -18
526 740
-239 350
-695 42
107 768
368 512
466 -183
-263 47
902 219
742 -500
-100 -89
791 -392
-393 -57
822 -649
33 -905
-27 588
44 -378
-7 -532
571 -284
935 246
-292 158
866 468
-132 -120
-226 -885
647 595
943 328
738 -199
934 -970
626 500
-575 633
888 -569
856 337
-365 538
-801 -466
726 -654
-70 -846
536 658
-920 -842
133 -500
-282 -854
-452 -542
-197 -345
-436 434
-239 -820
28 -89
-155 471
614 666
-973 616
72 525
800 -947
874 398
-787 62
476 166
316 -527
330 -560
-253 -950
-396 -417
-954 -395
-562 -242
826 -314
-98 -562
-667 -917
409 901
510 -728
31 26
-323 -843
158 -225
864 101
-880 -107
284 -672
-266 -235
-626 -737
-54 -92
557 79
-79 -447
923 813
-138 -429
229 494
251 554
410 648
826 -117
604 238
417 252
370 -266
-271 637
-567 -267
988 764
206 673
-134 -194
447 153
307 522
623 16
329 966
-589 -162
728 -642
102 -119
117 879
335 -808
-403 -31
445 936
799 -149
349 -279
714 -494
-716 -291
215 -477
865 -31
-291 166
-241 -30
849 -865
-322 -245
-175 314
347 680
-721 -411
-478 506
-387 315
303 141
677 -53
-91 -687
446 -905
-193 463
134 -907
-978 609
-459 703
985 79
-31 596
-758 -344
30 873
804 644
-622 708
-566 876
431 -223
-527 194
-661 793
-365 276
-567 -743
144 839
676 478
822 800
-781 403
-494 -999
-61 906
497 -277
-94 321
346 -673
-287 -334
-623 -906
-450 784
341 -123
-149 -683
-478 -443
465 526
837 254
-123 81
-745 -599
-317 -600
-136 -498
-657 -281
532 -248
-840 321
770 88
111 622
-360 -532
-921 -222
814 913
780 33
-301 -68
-608 788
552 -863
141 537
270 -366
163 33
251 -826
719 28
-689 -25
-528 -562
988 51
456 132
828 676
-323 -950
-807 345
346 -254
-570 -477
750 -756
-31 264
954 126
-506 919
-181 -320
-964 161
243 237
-890 908
842 -632
72 451
-290 -390
-181 -175
-907 -285
-695 17
276 836
862 -593
507 398
-715 992
-235 438
-638 363
-802 631
780 -205
-315 -775
41 -610
-694 -771
-713 -698
-220 -928
137 -786
87 488
-488 -891
-734 -639
-676 168
747 -102
-466 463
-796 982
615 -854
-686 -984
315 -161
-304 -89
861 -837
-386 -576
504 -889
-515 -521
-493 -755
-723 -748
246 -255
-559 174
-740 614
9 876
545 802
-250 -28
235 -987
-421 -487
-795 -168
-808 707
286 831
88 34
857 993
451 892
736 -855
305 -527
539 189
136 760
523 964
-440 258
356 787
161 795
221 395
370 967
-295 -902
-320 -471
-165 265
674 -944
77 -668
-983 -746
91 -915
-502 826
-234 727
477 372
-761 985
920 -967
494 -244
712 787
710 770
-490 -227
-530 745
11 -391
667 605
-466 -886
-598 -949
186 -306
916 -29
-589 253
474 669
-129 -80
920 367
-245 800
-985 -783
-693 -584
-310 887
-909 766
-884 -209
-738 -703
444 -796
-906 -915
-498 414
817 298
-929 -338
-642 -949
729 -851
-883 -25
-3 623
-996 649
847 -193
29 96
871 729
-232 -679
786 605
549 -486
-254 -679
722 395
365 -948
910 650
619 -68
-193 720
21 637
706 183
610 603
853 -653
562 982
262 520
-571 583
-164 -522
769 996
331 55
373 -22
-173 -842
912 -309
193 -263
900 -399
247 1000
933 -114
-606 256
-127 -280
359 -257
352 516
64 136
-338 -553
-442 718
835 645
255 -355
-178 883
-469 239
-132 100
-574 947
692 600
-514 -332
805 839
-632 104
-833 376
-920 -632
-75 268
639 126
148 557
8 -372
424 -629
699 -583
-15 482
34 -841
-176 800
-47 588
-150 -358
560 -434
-889 -778
-154 -879
-146 764
752 -827
-877 732
2 809
24 273
-592 -322
390 448
-169 660
73 -981
966 535
319 -203
-663 -557
-832 -164
721 -856
438 -350
-624 223
-16 -439
-241 -555
-929 400
-479 723
-833 909
15 755
-548 -454
141 -673
-953 -376
211 -760
-888 -382
-393 -943
859 -691
297 -705
-891 -447
663 -346
-696 367
419 876
150 908
-422 -16
195 642
360 835
587 644
-541 683
-445 -216
-764 -500
715 -363
-231 182
601 -471
661 722
939 400
907 894
623 -765
-766 938
-283 441
-61 -23
-577 34
-959 -548
92 947
485 -930
-347 -924
140 -401
-333 797
479 -375
-978 804
-517 396
-435 70
-363 329
820 -420
-687 845
83 -585
637 858
-19 278
876 162
61 362
763 624
810 -104
421 -199
583 293
93 57
-520 -278
-338 982
-46 -115
-290 526
281 -838
-560 630
-831 40
228 663
-462 903
659 951
-879 -594
-835 28
-797 473
851 -759
-337 -265
-374 -816
-935 408
267 34
-589 132
693 -375
793 46
6 -37
258 -923
-42 714
-283 -798
-528 261
-430 -720
465 143
258 -633
186 -40
747 753
163 -861
-943 651
44 -187
-516 718
-845 982
481 770
-460 -19
-962 -369
702 -978
572 -899
786 933
538 -240
379 28
366 266
723 -825
576 -40
456 -279
417 -813
-716 -4
-250 376
152 939
688 557
459 -525
-946 -515
-744 -327
-861 902
717 575
636 -999
840 -784
834 -431
-27 35
852 -848
726 823
-476 563
-583 -92
-584 496
743 400
397 -395
910 -74
-541 131
-779 -992
481 25
649 513
-899 586
601 -831
-465 -525
46 34
739 -828
429 234
-332 452
-527 -593
-181 880
-966 -401
-803 956
326 882
-911 19
112 426
-639 844
947 341
-810 -677
830 -504
682 -808
510 126
-68 544
-618 705
375 -154
557 -469
-333 309
53 -101
-435 -775
-850 716
-17 784
-185 -969
372 -521
-975 550
24 -121
534 -756
927 179
-520 -830
99 -912
-674 -398
-474 -476
488 -872
391 -977
370 -485
223 -881
-456 612
416 465
-25 -579
775 -841
456 -40
345 -961
38 971
-845 -473
-51 -622
-239 438
628 -279
603 -932
-276 -925
-576 576
-141 292
809 585
-112 -778
-316 -969
182 -513
933 936
937 301
921 944
908 -812
-316 -954
635 88
-944 -56
963 577
330 846
-814 488
-524 562
-795 92
916 -805
-307 -84
75 158
916 952
156 -867
365 -452
179 -19
-527 237
352 744
464 -526
-353 427
368 -27
-89 -703
164 -632
-787 227
179 -486
24 890
-157 -932
165 -266
-754 195
787 -118
-489 845
985 -388
-145 -671
-700 -201
21 -596
-413 409
741 518
206 179
-372 -89
852 353
-466 -232
-836 -810
-140 -867
-585 -108
-659 498
-614 -237
-885 883
-668 715
732 126
397 -850
-12 706
-37 -846
-194 983
686 -531
920 -40
662 -409
-163 995
825 -766
-950 -96
-341 691
595 799
671 146
435 -985
825 -653
-211 657
229 -396
-737 254
-568 -935
475 794
459 433
167 64
965 -230
-275 -35
-763 864
983 -529
-227 814
-935 -127
-78 -472
946 743
817 757
469 74
914 -516
822 -629
-916 -649
442 966
-47 315
-904 212
333 523
775 -562
455 -529
-221 451
-215 -555
-751 -725
761 -197
963 573
710 -365
-458 -189
-334 -874
-920 -51
45 -627
870 -664
-740 587
820 321
-655 -258
801 -600
-872 493
60 206
-922 -659
331 -340
147 -725
911 731
144 -944
37 202
-639 633
253 588
-341 53
-439 -347
869 -766
-800 -960
-587 694
-895 749
-10 -700
665 -965
-808 365
592 -113
-360 -586
-897 -738
311 50
-314 -786
48 -628
116 410
-957 -766
-511 -460
-647 670
205 668
918 137
480 485
-578 670
-370 99
185 -93
255 -863
89 855
-827 -65
847 130
206 62
670 -43
339 411
-822 245
306 -963
456 221
951 224
93 664
662 381
677 -998
12 -546
-780 -976
-485 -96
181 -326
-949 990
119 -617
258 -608
-77 290
124 353
-52 -450
641 167
769 -217
767 729
-441 -73
-814 842
-277 113
-816 -528
72 363
-54 -269
802 -959
384 807
-247 -284
257 -195
-489 -584
-241 -229
369 424
-315 -848
426 49
-831 858
-691 -967
-586 100
-654 614
-510 -957
39 447
-612 -69
-57 -870
-739 -834
223 51
114 335
-637 823
899 -97
-492 -216
303 -796
290 994
-444 235
-312 35
364 -197
311 573
402 379
-166 -228
965 -718
153 647
118 -77
527 -843
630 -185
-809 -974
-268 347
-739 51
-526 -497
701 -354
692 799
695 -995
-469 -420
967 359
496 -119
-35 811
-790 -424
-709 772
-186 812
721 -322
496 -137
735 761
389 -233
-208 525
782 554
163 438
-957 -514
-650 238
902 -893
-260 290
-174 -282
582 247
129 491
-446 186
629 -646
916 -459
-680 -945
422 -677
-593 179
-653 -489
-586 -992
660 443
590 956
388 -590
-727 -381
-521 733
-241 575
103 -496
764 -608
-224 445
449 513
-17 -837
-236 890
-198 -904
362 -789
234 -220
591 387
153 -423
405 -152
496 -836
-655 -1000
-953 543
492 624
-26 -944
-125 -928
-308 -102
451 -428
937 534
615 -973
461 -750
-9 -918
572 -164
711 365
-623 -353
113 216
186 868
-37 342
360 975
-401 -115
123 -524
131 278
-541 599
745 -888
706 414
5 369
904 22
195 927
622 794
-916 -931
-122 108
-611 -7
403 -632
-908 -979
-838 -274
-123 -737
-143 713
-537 832
820 -382
165 972
-75 -836
-900 -375
752 -269
-537 -952
610 68
-230 783
-957 -465
-67 -835
84 99
455 -5
-784 445
145 289
-737 -847
-208 602
-101 -674
-373 -139
-590 469
-509 -347
942 89
-248 -704
-313 312
808 -834
-453 -374
-569 510
280 726
-707 505
-171 167
613 -126
779 268
649 -295
84 688
308 -167
-17 930
-862 -609
564 -481
669 -267
592 -651
607 821
495 239
760 84
561 -817
-907 -49
-257 327
-323 -952
-825 -666
239 234
817 -318
632 142
721 -777
864 -130
-57 278
-984 79
-475 -898
846 177
462 702
581 716
42 -947
826 165
-874 7
-871 225
-724 912
281 -190
-686 -651
780 758
-827 40
-672 -932
-145 972
-197 865
-32 800
767 -835
405 663
-757 438
-187 88
108 516
184 76
-170 -97
5 34
793 -848
-503 -229
-195 -718
947 681
49 -383
-581 326
-351 677
445 172
-827 987
-659 -76
-822 931
181 658
-872 244
351 70
45 -745
-920 749
-457 438
-235 -681
-507 -974
340 -118
-31 517
-499 -846
61 -189
942 590
601 200
-583 -938
749 448
-304 -313
568 511
-92 608
929 -552
-58 -855
-972 -359
-377 399
398 -931
-145 -84
703 -493
-392 -294
-218 564
-731 -972
-639 540
114 968
334 -771
-499 832
875 263
622 528
-329 -239
681 66
749 -61
611 769
227 -66
925 855
-203 74
-700 918
-788 -771
621 -481
725 -338
706 934
-535 866
-274 -826
-225 -170
-705 738
482 569
-518 487
-204 5
596 -781
-987 -542
-734 996
397 -565
-534 -65
-63 121
647 -372
-42 273
-563 -753
-589 78
216 -691
225 394
190 -284
-12 -304
129 -929
747 269
388 -517
-665 356
-292 706
682 -658
253 -392
685 992
-372 387
-755 973
436 -747
789 962
20 1
-637 286
703 780
-721 658
976 230
-132 -494
-759 -741
707 -564
-907 -650
-878 -143
-463 345
-61 -589
225 -227
215 708
-721 -199
48 567
314 -855
-535 -924
238 782
621 439
967 207
-731 769
-87 997
-769 -875
401 59
-230 -908
-910 -200
910 196
-506 -164
-212 434
-545 -957
895 799
435 277
-657 854
979 336
-80 -55
326 153
967 -162
-681 -448
265 -321
630 75
792 -449
-72 435
604 -719
400 938
-292 -112
-212 615
742 -758
-635 818
188 841
243 -754
652 248
-727 -790
919 -765
-816 867
-928 -27
-34 702
-782 446
137 -84
-617 -604
-373 -502
604 368
-784 -636
-836 323
-277 -256
-63 69
-742 904
-517 927
164 -927
263 -498
940 993
-387 -995
794 -607
20 -44
842 -788
736 6
-394 146
372 -472
-423 392
-57 329
-769 -122
-68 958
58 225
160 -721
-564 781
171 322
208 -414
756 -96
276 -448
-508 -7
-192 99
115 353
477 -474
822 -293
347 306
620 -985
-638 190
-629 -650
-576 -399
-308 -137
-767 139
408 -291
-595 397
-297 688
907 517
-610 -650
-196 309
-498 -928
830 -667
457 -218
454 -368
-398 -41
660 826
378 -715
863 349
410 -95
463 -39
-706 622
320 499
-443 940
-991 654
344 505
346 651
-636 632
779 -903
523 723
998 947
-986 744
252 -770
-437 -993
122 -387
691 -38
-853 -41
-990 899
70 845
981 -211
601 -55
520 -446
517 -400
325 785
907 -835
928 -84
800 -47
-209 646
-525 -138
-612 187
47 324
368 -466
-554 97
-641 -907
-74 -98
532 816
-918 -475
-279 -273
313 -456
-187 775
94 -425
999 166
-597 495
308 -41
451 370
-733 745
787 -349
263 -547
389 -56
106 68
516 657
599 704
836 246
512 708
20 -24
306 -802
-881 -987
-984 197
-975 -717
-651 -11
-168 39
599 689
-319 -361
855 299
-348 498
-225 615
309 -350
48 -11
483 -762
546 174
-880 50
-254 -515
-403 -179
484 -440
992 -116
989 -298
-241 732
-90 -135
364 548
-144 891
688 370
-643 -824
288 -881
-50 772
413 -588
-294 -138
-426 -18
-27 766
-444 298
635 193
-828 19
628 -587
243 876
-667 224
835 400
322 357
-752 594
382 653
-415 351
-923 235
-189 -243
670 610
-839 -89
606 -213
709 -581
-4 -192
-630 -358
922 -653
70 -888
545 -819
-938 -719
156 -982
701 -351
-505 -34
202 64
-295 -925
-781 404
369 753
218 -489
325 -665
-990 -140
-312 -908
-648 -818
-889 -123
-320 -385
-322 -860
86 -66
-93 -27
-85 295
193 685
989 -940
198 -765
828 321
229 -870
-996 77
294 -337
169 -634
826 -295
-474 206
-290 379
-193 -864
324 224
24 732
815 -802
259 -875
159 -617
821 -336
655 -604
-836 506
-422 -944
704 509
-419 -492
158 -119
205 389
65 -750
928 656
385 -282
-292 622
401 -851
850 845
-128 793
-586 -721
751 255
626 996
574 540
944 -459
-650 -120
-206 -644
820 900
490 -254
660 45
548 -118
694 -396
570 175
494 255
-45 29
364 671
-881 -259
-340 702
689 -816
334 -361
138 898
291 -135
803 908
553 545
-343 628
785 -324
868 238
-394 -761
839 -772
570 624
727 -910
564 86
-743 -722
-874 -771
19 -553
-364 -101
-1000 94
921 720
226 28
478 -253
320 217
265 584
-527 -866
554 -205
173 -642
401 -110
-852 588
-945 -470
882 -784
-878 -878
462 -873
-8 799
-649 484
410 152
894 -989
55 182
741 947
461 763
797 865
-716 338
3 408
-377 995
351 -302
-28 -891
513 475
931 116
29 -905
-667 -608
774 -84
859 758
987 317
751 460
920 370
591 183
-996 -547
-388 540
-248 -470
916 -163
-452 372
-88 456
-401 -835
-854 -574
-67 -410
-600 -18
154 712
681 -578
712 210
90 202
-873 345
957 -900
-940 812
478 -895
314 -940
266 -936
780 -46
-963 -882
694 736
70 -379
977 860
-562 -834
-540 456
151 -367
-700 17
-217 -999
123 -943
-340 305
-890 -454
97 -223
535 -487
251 128
273 -507
144 -219
-892 755
973 -965
-798 -640
643 445
197 -330
682 477
-688 -85
126 718
-843 251
-438 -730
-795 -135
888 -883
-97 898
-856 -804
-131 184
-670 -711
-839 -184
-622 779
550 431
921 605
502 -108
406 407
-409 -369
-868 318
-209 -967
191 883
66 584
657 43
144 130
640 -692
123 -502
-956 -103
-169 877
-491 -876
-47 935
-408 97
-371 -434
318 -253
870 938
-799 -380
672 519
395 864
-585 -812
-49 -406
315 73
-424 -491
958 -243
-260 280
429 65
-220 935
110 766
-344 -180
-98 -554
-617 -748
849 -72
828 -817
-882 181
368 -561
-471 370
-25 -253
-25 917
-258 864
-42 685
-91 -334
902 290
-848 -614
669 -467
196 129
487 898
-803 422
932 541
384 27
603 -294
137 -657
-924 -667
-107 -887
-197 -761
-688 879
997 -772
-244 508
591 -239
546 250
145 -920
897 -925
-328 -164
189 554
-778 -475
526 667
349 -383
103 848
-659 937
-82 -975
342 123
84 -800
-637 936
186 991
630 718
360 838
-565 -81
88 -300
-97 -661
3 -182
681 -426
325 621
-971 -183
302 -241
-245 120
-834 -231
994 -50
-386 935
-691 -278
-630 214
-83 676
584 851
799 -811
-596 -266
-494 736
-726 -667
-882 682
539 -329
181 -619
487 175
931 611
305 723
-202 -47
240 1000
370 955
300 594
762 101
-982 -614
-532 490
-714 -196
112 306
-781 552
-26 648
-141 -271
966 426
571 422
-10 -602
737 3
-773 339
-965 -243
107 -789
551 719
-587 987
-572 -814
3 -833
-73 -741
582 -614
119 -572
-564 -799
-621 -794
-486 -393
-271 -725
-624 -227
-93 -619
-11 158
774 212
-100 -287
-560 -843
-357 -440
487 -574
283 -806
504 -333
29 948
765 394
419 700
-802 927
-880 -939
23 -986
281 643
-214 -225
204 13
-187 499
750 0
909 -247
49 -357
133 168
995 -571
-120 -264
786 834
-422 -190
62 -757
-445 -247
773 -614
644 -840
936 -399
-839 854
395 -915
-238 -950
-958 -429
174 670
526 179
-152 263
-830 -871
880 -431
-882 -592
60 240
-170 -596
668 -9
350 -120
268 453
839 894
-877 -455
-454 -412
998 -997
-478 -274
-591 943
905 765
158 575
436 -184
849 676
464 -314
999 90
-303 -547
610 -728
-480 421
-65 952
598 828
-344 -252
-201 -380
41 641
-668 722
-702 478
-864 301
717 -432
-202 -920
-102 -903
992 -292
-466 932
-210 274
478 904
-228 -893
-582 -514
396 907
-806 -662
-345 668
72 455
-698 -5
-88 -473
974 488
868 683
798 58
-546 -177
360 450
-456 615
548 -220
510 648
-139 40
683 374
908 -365
665 743
96 -28
992 -87
608 -824
-950 -260
-42 -263
-958 -781
-900 957
112 -568
-308 -72
176 -838
388 184
705 -406
296 -816
912 818
-144 582
-806 -338
585 -799
609 876
521 194
62 -684
-578 -407
-887 -157
460 282
-807 -894
-939 -334
481 638
243 843
538 -491
-307 -40
-53 -472
735 238
-574 278
991 -296
-710 313
601 -105
908 -971
-661 -890
446 -538
154 302
307 -69
984 -242
187 682
-946 385
-442 -615
-227 429
479 -318
133 -448
493 -769
165 -158
-914 -437
970 31
947 -887
599 -496
728 -473
-652 -321
-601 -281
306 135
-159 968
-509 -398
-897 -618
-568 -173
-479 30
213 724
-165 442
53 -294
998 -671
-206 593
-372 -45
-186 532
898 229
971 915
604 -877
935 564
581 -732
357 -444
388 713
-561 791
907 95
-346 -349
591 295
-388 -608
975 644
523 15
742 -197
-243 31
-381 194
440 263
67 -320
669 362
-315 333
884 -128
-492 -557
215 -383
-241 -365
-704 -164
906 255
-7 -918
108 987
-440 -950
-245 736
-498 -229
208 1
371 -263
156 353
-832 390
365 -952
-784 -365
-468 470
-863 -748
853 -626
669 61
-370 659
-790 144
105 552
-414 -588
395 -809
-465 530
-425 705
-334 671
-477 122
495 -539
330 798
-56 -1000
446 -864
-322 -426
620 -496
9 -552
-705 255
-848 327
-382 636
549 -981
-444 -217
-95 121
-66 -587
946 185
526 389
322 767
36 -540
-640 690
827 902
596 -717
671 537
-350 815
-748 -508
-52 8
636 -111
960 148
-846 517
934 -331
508 744
-69 -90
939 -84
860 -577
-410 971
-580 -509
-764 -656
422 -349
656 411
-493 217
-871 611
-851 544
-155 963
-68 -34
-800 -369
384 -902
-912 -343
-141 903
725 -892
-137 -619
232 295
858 487
-254 901
881 910
-655 754
132 682
-471 188
950 430
853 -801
375 -657
853 -960
-335 829
651 -318
580 -494
756 -192
160 785
-419 225
-475 281
180 -845
-226 -558
-951 417
-586 123
-294 -253
522 850
636 84
263 816
-13 -605
-472 273
-144 654
548 898
-806 -154
-54 512
-374 642
167 468
-440 -700
278 -105
114 -884
-411 -944
-553 86
142 50
-986 671
327 18
321 -667
653 -932
-721 -451
-847 685
918 -351
643 -325
761 -443
97 -978
-217 -269
108 -33
514 -650
-446 578
222 30
-502 -318
198 -280
144 -577
-27 237
-300 -597
-945 -388
289 -441
-949 341
199 651
472 -223
-41 -889
62 -197
465 549
333 -575
-545 -697
466 393
-919 735
728 844
626 -226
876 444
-287 -117
550 517
-624 -686
-40 -621
-499 -499
266 944
785 404
-472 -2
-240 -38
-387 -946
462 20
-529 -911
976 612
812 250
334 82
-36 -512
-755 -962
-883 -183
-394 252
-814 523
176 235
-713 267
-747 407
572 521
-197 -734
381 303
-974 -320
579 460
419 -342
159 528
839 -665
689 -167
-636 -414
-599 -8
130 -146
-310 508
876 -510
-8 252
-995 -493
-27 619
887 -879
-906 -262
-997 -327
747 928
-960 520
-96 989
958 114
-151 294
914 -573
67 -812
-192 525
42 211
-40 888
-346 -623
759 19
-160 -914
456 -565
-490 655
-32 306
-213 790
570 700
481 307
-207 441
174 782
511 -898
-596 -293
265 931
-473 217
-317 487
-277 998
-527 -558
981 -991
227 -236
-522 784
361 688
-713 826
-86 64
-630 670
-853 -527
-549 -264
215 -821
-19 -987
240 578
935 -79
-401 526
755 702
-516 -744
975 397
-904 -889
764 688
448 654
766 2
950 197
-333 -253
-634 -628
-112 472
305 -493
-721 -798
120 -367
686 -444
264 -597
-851 -497
8 -971
-86 -654
-31 -283
915 -551
732 -31
-211 681
559 -571
-978 232
937 853
885 835
281 749
-248 -3
530 732
625 -873
-553 -773
819 -524
79 -211
213 347
-1 963
-148 493
-930 -311
966 -288
-32 146
-68 309
961 361
957 -712
-857 -298
251 9
129 707
230 -313
960 559
-737 858
-235 -541
143 294
-330 -761
-729 383
614 -689
-394 -844
835 -841
745 -919
536 -765
-384 203
361 848
-625 338
-632 -402
446 527
88 39
-712 -346
-286 929
496 316
204 581
633 845
-501 279
-38 103
-71 86
-852 590
995 675
768 -468
-348 -777
-468 740
-817 808
391 381
770 134
93 125
964 -538
814 71
-242 205
-479 895
-784 -534
981 -632
-941 709
704 -826
555 -306
-175 -873
642 -625
-728 -889
768 -920
746 -286
-897 133
-73 637
-929 443
629 927
372 -442
-621 -991
-159 -460
91 -419
453 -568
-324 402
603 -671
-836 254
157 181
-621 -626
471 -210
-253 169
180 -983
-898 -731
-478 891
-997 -189
600 937
-603 -28
-267 -556
879 -616
419 887
-645 775
428 767
-791 317
-109 -448
364 765
912 -109
-436 -22
338 -182
868 61
-632 -50
-64 -550
-892 -173
680 -74
-514 290
-72 -91
-785 352
800 -500
-531 -54
212 -137
-8 -900
-126 -895
-458 -185
153 687
-245 175
490 616
857 -956
-645 -360
-244 -537
482 148
-744 -156
-363 -123
855 -532
32 -162
899 231
854 -255
-60 -191
579 -933
-494 525
485 -761
-49 769
540 354
-176 7
172 -721
135 975
-200 112
289 -380
111 572
-213 282
912 -997
-254 753
-376 141
-516 -559
572 913
-885 -344
542 -125
504 495
937 -662
-766 -457
997 -73
-555 468
-966 -524
-784 900
770 319
-940 -117
-520 -881
383 -872
312 -393
-875 -592
489 -392
-38 -730
-323 122
-68 953
298 703
935 -724
181 226
-831 -378
111 -795
-180 -298
128 385
581 -54
-439 -735
-194 672
-955 18
-646 611
-410 -961
-515 203
704 995
65 875
-134 -506
-485 -544
927 715
-399 883
804 -55
327 495
602 -863
451 -499
369 61
133 178
649 -727
544 743
-793 659
-176 -256
933 923
-608 -29
545 -661
441 521
919 -98
763 90
148 -733
-714 -522
127 -124
-622 -913
-182 583
-362 314
-532 -505
991 58
528 954
-790 407
400 461
164 446
445 435
130 -642
905 485
387 -230
-139 -761
583 2
-415 -670
-715 -396
98 392
339 910
-502 -430
-586 -439
879 776
640 -726
738 216
-277 -462
997 -489
61 357
-514 -299
-251 44
370 667
685 464
815 -543
265 -70
-356 133
-9 254
-831 35
868 -87
-276 987
-31 -115
-344 587
-839 -730
288 941
-418 -856
-366 -518
-927 -53
552 -934
-216 -28
474 687
983 -2
431 -595
266 -437
837 -572
-902 -383
908 294
492 831
253 -436
-145 -792
849 378
578 856
150 -545
-101 -221
428 131
-840 743
-344 -809
-992 -909
-594 -462
-564 -654
42 -939
546 173
55 -480
-319 -251
733 -808
713 420
-293 -926
521 633
-66 -262
680 -319
-879 669
-697 -154
881 651
262 792
-63 -119
148 -398
-504 -453
-290 -691
-158 656
705 534
-333 -749
647 655
906 263
986 233
825 173
857 -576
627 761
192 -316
-830 -446
-648 779
-576 744
866 -837
59 -349
340 -509
-458 -275
-493 -890
-8 475
-904 272
-681 78
-674 -527
-606 99
714 -191
-502 381
943 -219
541 -603
248 692
27 221
-69 -588
-343 840
-244 516
296 -206
-839 -235
572 422
-30 804
917 877
28 -238
64 245
-259 435
107 169
-143 350
537 954
-339 530
942 387
191 949
-932 -187
750 -149
-434 433
-734 -227
-830 -728
-923 -340
136 544
-593 287
193 561
905 -26
42 -414
150 -978
-518 62
-528 -907
-509 -185
-275 -993
538 -613
132 -506
-379 -661
-567 355
-284 698
-225 -467
418 -197
822 -11
555 519
-935 -739
-194 911
-281 474
-261 504
367 -43
508 -382
592 512
-662 -428
500 -859
-408 -496
-43 402
-812 209
-915 695
350 675
-690 292
-247 -297
-67 -223
-919 -845
-602 -249
-450 -128
341 789
107 -350
748 -340
366 440
-763 664
132 272
136 -951
755 283
-830 -457
-510 24
-324 -980
-803 -945
-74 -513
-406 196
-981 -984
-117 120
834 184
95 -386
-673 -384
-176 -409
-715 430
622 -516
109 140
162 -858
-360 851
-874 -784
597 -110
445 507
477 -783
679 -491
801 515
53 758
-925 692
-278 469
403 -743
-362 -474
197 283
-970 -31
672 -191
-391 -495
290 -939
877 -123
-733 -411
900 518
376 48
-399 95
37 533
311 90
-848 -877
965 201
836 -302
847 181
-957 -949
152 -508
104 617
-157 -481
-59 558
419 -727
-343 255
-246 895
950 81
134 98
-314 141
-105 -212
90 806
570 -461
-15 -741
154 727
-604 -837
-314 -403
647 305
959 483
63 62
-229 -772
-124 -64
802 442
-396 300
943 -615
-248 705
-41 514
-857 625
-433 73
-479 -223
295 -722
735 -739
-820 -191
822 -628
-113 -11
984 -336
-301 430
-343 998
875 -186
-991 343
-160 839
-605 606
-661 -809
294 -692
-799 -803
-782 -21
-625 177
948 -486
4 371
22 -976
532 -630
179 -52
248 -672
-118 -996
-71 113
-481 -70
-597 -896
102 436
-705 812
648 -781
-751 652
-415 -473
-307 841
602 -45
836 617
641 589
-749 -998
453 167
-731 466
583 -551
854 -429
629 62
-427 260
617 606
894 178
861 91
129 386
722 -465
836 783
551 -871
510 266
-348 -167
167 735
-176 949
-742 775
-546 -424
-972 685
428 -294
-686 494
-136 -615
276 -35
965 463
-437 -232
385 331
-974 -437
44 -56
-580 -46
-926 -58
664 -814
161 236
824 -709
-556 -53
-108 -942
642 516
882 129
-880 -916
-484 479
-723 45
44 -274
885 -352
358 906
342 15
-840 921
-743 1
-373 507
483 167
-981 -686
-948 834
-728 578
-422 -6
-425 -356
245 -415
-596 -851
-743 -936
669 31
344 -979
734 575
-377 156
-957 302
370 -800
-56 -970
-654 325
526 -398
599 416
450 761
878 745
819 -21
995 911
887 357
-100 -623
-18 825
-36 732
445 -425
777 -303
-835 -871
88 224
522 -665
762 96
42 -147
352 -819
-467 -70
91 -627
-271 383
-535 -495
764 -485
-83 980
50 247
511 -757
-827 -789
-130 -61
104 -202
-227 181
488 723
900 990
302 -856
-938 279
-238 57
726 -493
835 -24
371 -679
-366 127
882 -152
-452 -84
2 775
-918 -795
-884 -113
81 774
-559 -537
-675 -54
-884 -226
-520 -852
336 -274
149 -249
-552 308
803 344
371 890
741 -750
287 600
132 543
-240 -616
902 47
-135 22
-851 -565
-730 -814
-983 -50
-144 -354
647 377
-104 -606
-587 -634
863 671
50 -780
250 -596
-499 258
296 -777
629 -37
366 -743
-455 -153
178 -326
-608 -111
97 -3
-455 995
-330 266
697 -823
743 -319
-335 394
-353 14
1 904
-933 -783
583 -193
834 196
-200 638
801 -518
517 465
648 0
-752 -711
810 -188
-305 -766
863 -46
625 299
735 826
204 690
-190 845
409 302
-584 -715
642 324
468 -774
-208 607
-668 360
-745 -719
-113 96
-72 111
913 799
-19 -878
561 -617
-225 -135
-60 766
807 -23
-790 991
162 656
-113 913
-433 953
-408 203
-425 386
-54 462
-896 -572
-590 -705
877 -685
392 772
672 800
340 918
-686 -323
-893 -899
271 -818
-181 -263
38 656
707 -839
869 -150
-116 878
-814 -743
-557 -317
366 95
943 -745
125 972
269 -601
334 -408
-64 -703
-40 649
491 -956
694 792
649 393
153 -166
389 142
-932 13
-83 438
-540 -803
-762 -631
-152 569
744 920
-222 796
-412 -88
-348 805
-309 777
305 -833
-114 -660
-422 -219
-317 905
173 861
271 396
287 -420
-347 -828
166 210
-328 -685
723 755
-460 693
-8 -559
313 -840
-139 -804
-627 826
467 433
-394 -987
587 416
-661 -901
299 -1000
-500 -425
316 -244
848 -942
-250 -146
-490 -647
472 -3
-183 -684
-807 -558
-943 480
821 752
936 390
-891 34
-959 916
-121 -18
-350 774
-184 -161
-707 310
-603 -773
-492 271
790 67
321 -232
483 -199
-815 614
481 -905
-665 556
-49 -509
-521 348
534 68
310 484
-692 356
873 -802
-85 404
-261 200
814 948
875 838
-126 -80
55 80
-133 876
665 -276
534 -589
972 -718
-34 -367
-67 89
885 -712
584 163
38 -761
488 -149
202 774
229 47
702 -705
-128 842
-516 814
932 -683
-750 606
-521 -551
836 488
211 925
-568 288
-508 494
275 440
518 148
648 702
559 -696
651 -293
959 482
-318 -510
427 -645
-711 -637
30 306
-142 -652
-784 550
-894 208
-320 245
-524 88
833 535
-122 -598
-141 409
-664 -900
-996 934
535 -92
58 -744
-587 -657
-75 -453
-656 -721
-182 545
-626 -460
287 -349
598 -480
923 -224
-866 47
3 -29
967 -346
-415 667
593 -916
-843 199
952 -992
647 -870
-630 272
-757 994
-454 137
786 314
4 -63
805 255
-895 630
748 -901
-847 -342
-204 -766
523 -638
-441 530
-818 -122
-193 -591
-859 437
-719 -272
-675 -686
-882 927
-56 674
485 -537
331 854
81 639
682 -870
789 301
280 787
266 874
951 73
929 -251
-246 897
712 901
-159 405
-646 -652
464 -194
-522 282
506 841
267 797
-347 110
358 -723
720 527
-45 266
205 -501
-138 -1
-673 -927
-400 107
21 -114
92 -188
-436 -805
-125 77
824 -708
-339 420
994 853
614 -130
-666 167
663 -321
-450 -50
91 780
-271 -1
-999 410
427 270
147 127
-42 -105
-740 -1
730 28
-160 -665
-780 296
377 649
165 -797
549 -22
212 -107
-440 -298
-467 -506
-247 -854
-914 -75
-492 -91
331 345
-359 -271
657 233
743 -749
-501 -76
-491 295
-532 -842
-279 -191
96 -940
911 -927
514 -873
566 -594
-519 -933
82 -772
388 -43
-591 784
-166 19
-810 127
228 -347
-541 74
-117 988
-236 -538
-456 -873
718 430
918 60
-335 -156
-62 -998
121 298
219 -364
861 446
711 -634
798 -937
-956 -466
611 651
685 -762
-591 579
518 -137
203 -978
162 -232
17 -773
-419 -358
-335 -954
-132 587
-509 810
-894 -395
-90 800
-571 -104
827 464
-466 908
-341 608
955 -321
-457 710
-181 -339
152 71
689 288
-484 -164
-276 409
72 -13
361 -66
-94 -829
-808 -41
853 -784
477 -507
876 -530
863 521
-483 789
178 733
-657 -762
-658 590
42 444
-277 369
990 -512
-714 401
-31 785
979 -158
-855 -987
658 -940
785 -156
-445 -243
187 -273
835 407
948 222
144 514
218 -804
-94 -266
761 527
136 486
5 -639
-621 -11
-660 -575
-790 -636
250 -159
-592 -956
-226 23
-62 -501
212 448
972 -411
-610 796
-516 111
-200 -543
-773 -759
539 169
72 706
963 -588
-522 740
-705 790
791 -593
66 652
-372 962
5 -443
76 -115
196 754
125 -555
-670 278
-995 -616
-853 -526
-440 603
-38 851
677 -663
-587 537
-205 -717
781 -808
408 273
-443 -186
432 439
-728 -737
-515 -286
-36 -319
727 -127
-149 -8
595 42
709 222
-571 -21
515 429
284 -676
-684 -268
-243 -70
978 241
-29 993
445 -768
-192 -53
769 10
-254 -840
-1 -665
-225 -580
671 -899
-646 -114
-176 -995
-111 737
415 -180
678 547
-489 174
646 13
102 -83
941 -215
-633 246
-929 -31
-692 654
-96 -237
-443 77
82 913
847 -447
-422 -77
96 797
376 -427
-596 8
109 249
649 106
981 69
235 687
142 -478
162 -860
-994 -308
326 -64
678 126
39 560
706 -263
460 587
456 526
-199 -816
506 -114
-886 -112
-619 -867
-18 97
308 934
-386 -124
-65 149
-536 270
-164 -35
602 -3
684 940
412 -73
-960 -527
-799 -397
808 -783
48 -537
91 -878
913 651
892 -11
446 -79
-209 264
480 -950
488 955
493 -193
-937 653
401 -559
91 -253
14 829
-549 -394
-877 712
-591 -13
-873 144
66 -260
480 -967
-112 424
818 411
660 -163
-508 -275
-686 -354
-871 -868
343 69
551 608
533 245
125 -195
586 542
-51 974
423 -295
-817 -292
239 -218
-216 -292
146 530
432 -237
-484 326
-138 448
443 -384
320 801
376 -220
-449 844
703 923
44 -252
-405 84
467 931
-54 822
68 -355
-544 22
310 579
924 971
815 674
-530 -590
679 115
466 -388
-607 404
235 621
-785 365
188 -247
-673 -431
-40 900
485 729
-13 109
-972 -219
791 635
-49 718
-332 -380
-227 -112
869 547
-450 -657
-217 -134
507 -747
-122 415
-245 160
667 -438
-635 -492
-816 -139
-682 328
196 -853
724 300
353 -487
991 -439
-684 -886
781 -420
961 -119
848 -818
874 512
-347 759
412 633
-822 -996
287 383
433 334
-376 963
921 465
-830 -513
94 -387
-839 -979
-604 759
-507 175
-398 -685
-469 116
549 249
934 557
-581 -298
-864 28
90 -460
239 628
263 -666
-779 -765
-400 672
-784 -582
624 404
693 -244
93 975
327 -709
623 -1
606 663
252 -168
963 -167
-524 505
-542 -974
944 105
-370 132
-419 426
863 -881
512 365
508 168
372 -347
-558 328
707 -912
-229 -68
-92 189
-988 970
-36 453
930 39
702 515
-998 32
263 -69
847 -150
287 -958
589 179
-38 -953
-659 787
593 48
391 -3
-390 300
212 890
314 -907
21 -145
-251 -982
-862 659
566 365
-68 265
-649 -375
673 105
-763 734
525 -127
-796 519
506 381
-749 -207
861 -182
808 -64
305 -907
-743 289
5 -997
-488 -140
307 245
588 34
473 157
123 -543
156 -706
901 203
-173 496
-852 205
-905 -266
648 -427
448 429
-319 -636
-285 -568
-946 291
296 241
-23 -360
939 537
835 728
305 581
32 795
19 519
-482 61
-995 -800
246 132
-700 566
-455 -650
-224 699
-83 -297
466 355
218 -451
454 -799
599 -300
886 -899
-980 -144
16 45
144 114
900 585
-707 381
406 150
-409 -116
28 668
607 568
851 -864
988 -558
915 -142
731 -69
-951 -63
836 -379
670 -87
996 -146
543 209
470 551
-698 407
-452 475
935 619
637 -17
-854 675
150 501
-561 858
920 -24
107 552
-604 175
930 -1
64 -815
-627 201
-437 143
-642 -968
819 -770
-983 807
-147 -480
-998 149
278 -616
215 55
396 883
589 198
-686 -632
867 -735
594 -847
380 212
-193 643
-404 898
195 729
-420 -758
-403 -262
-834 -36
-171 772
967 252
931 -655
890 507
138 714
-182 614
-991 -27
829 -82
-368 750
-57 758
-674 -633
-799 729
226 114
-889 332
886 -244
-134 -803
-377 -392
-645 268
195 789
549 974
-963 585
-312 -21
194 -280
-505 -411
-141 -221
-142 127
378 -378
557 -767
-905 -738
40 -628
-252 292
-448 685
-748 555
-830 -682
173 -953
-68 568
-801 107
184 926
265 -37
-336 746
-725 523
724 792
444 592
77 -935
648 -533
403 -70
-908 -481
-163 757
-716 747
569 857
874 141
-242 -593
-854 756
281 -753
-424 -191
690 299
-84 -554
114 -204
-876 -582
-770 -369
-625 -968
158 -160
-251 688
816 157
-25 984
384 -986
-755 81
72 -462
158 -13
105 -251
439 973
-153 -286
-63 -801
-300 -403
29 881
-23 -756
-323 959
718 71
-257 418
-879 -50
-234 255
-994 -794
-500 815
253 -224
932 816
675 -504
-313 -194
204 479
228 -701
-815 -649
-883 458
801 -936
368 720
241 166
-630 -668
-151 373
-315 7
-531 -943
452 -775
585 -796
-525 55
44 -554
288 -625
-322 803
543 845
394 884
-735 -213
-991 -127
421 29
944 -826
-305 -574
549 785
-712 -197
-714 783
753 958
451 -907
247 908
956 -851
70 911
-432 871
26 353
-942 569
44 -998
-134 -928
-738 -48
792 -470
-494 436
-675 -549
18 -211
-647 537
-868 246
630 -557
106 853
-608 107
-881 488
224 136
777 -166
-351 437
606 809
-229 838
-131 -725
464 -458
-67 -723
339 278
565 -877
-500 -773
-918 746
367 -236
966 544
342 -333
-448 966
-741 392
-344 804
-238 -362
-495 -121
-523 -4
958 -681
-186 469
-195 -85
789 -34
276 242
663 998
703 821
-542 923
-40 329
-310 94
638 858
-237 -867
-171 -125
167 201
5 254
815 685
-956 358
-17 -546
-632 872
-271 -206
-682 -167
136 -521
-868 -144
-920 -233
228 303
-946 -622
605 811
589 -975
-407 997
904 -816
-204 654
370 -950
764 344
-47 -75
934 -798
-572 409
571 -866
-824 -367
-848 -281
-995 -997
-99 198
351 -789
558 573
666 -549
-660 544
715 482
658 -50
-193 236
-9 835
-928 -354
880 -275
514 -847
398 573
434 -383
-828 -182
490 -919
495 763
-869 756
779 542
791 -554
-692 -551
309 835
914 551
-969 867
-195 652
-285 786
-621 258
-226 665
-555 13
913 741
506 -268
-857 506
-554 -723
908 472
-344 595
-54 437
-643 947
787 -259
-573 -565
-873 183
41 732
59 947
150 494
156 -445
-301 -788
-283 -779
-736 415
339 419
-676 519
-979 -755
-904 -718
-113 -543
149 287
889 738
-767 994
-357 187
-587 -962
842 891
-988 -647
-773 -315
-556 -955
-258 294
-910 -768
-609 -973
938 269
721 139
-904 26
63 -678
-164 -883
-433 46
-13 298
700 775
598 -672
-279 378
-455 964
-627 -656
-761 -642
-920 -141
-480 -662
420 -94
35 881
415 -310
521 110
-167 -418
443 -808
855 535
53 -728
456 -556
-677 -275
834 -446
-838 -302
862 -197
-307 439
-929 615
520 33
-23 -472
-648 -549
-743 755
355 446
921 -774
-907 844
726 -918
725 -499
-117 -410
409 343
-553 657
936 64
447 920
232 829
-853 -645
-28 -618
287 227
753 -240
34 -754
-606 -965
726 -204
-651 532
333 -691
-470 409
-558 -23
-882 232
-723 -455
-974 379
46 344
-305 -228
930 -116
-861 -301
230 164
-863 931
988 -783
-318 641
410 670
-736 554
-340 -853
689 -398
-445 -734
133 -630
-918 964
-120 -862
105 175
471 -131
859 -717
604 -394
-120 627
-336 -870
-922 280
927 629
-656 -83
73 -327
471 281
941 601
-439 131
892 9
820 862
-127 783
255 987
-716 -345
-286 483
383 -260
861 -196
-126 147
-75 -320
-700 -813
755 432
994 712
39 347
-582 23
870 -897
-843 490
-840 -9
-698 653
-956 -524
26 -145
601 843
127 -92
487 -243
-412 529
-492 -44
355 252
-571 -798
-816 230
47 -37
173 -638
-390 884
653 782
-592 926
-359 -301
-734 276
-967 7
-164 -299
-985 179
286 -918
459 667
-8 556
562 -526
-173 749
-210 -541
853 327
-13 -1
-785 -47
771 492
-138 749
297 341
-4 99
473 692
-359 994
-284 98
601 -824
405 295
81 667
460 -280
-575 415
-174 -96
919 -557
-4 978
91 -997
288 751
-202 -303
-240 -227
995 616
-327 290
18 -280
-845 -684
-520 -386
-310 615
-984 906
506 -609
285 -10
608 929
-868 -629
712 991
347 -83
-875 522
-855 452
-530 821
-438 415
-233 -973
-819 -852
609 -331
-253 35
195 -233
-737 -493
-794 -544
-779 -194
-342 -364
-487 -849
289 -643
-893 785
-168 -492
977 79
155 951
731 120
-111 -268
-683 -509
372 806
-790 23
699 -382
-656 -424
-569 -504
915 222
809 551
840 -423
845 417
-137 -100
-866 788
538 -131
552 -108
-329 -716
-534 -805
-973 -509
332 459
-315 151
-268 -933
969 826
-531 -31
-17 -357
-181 -668
-857 687
-757 -699
-688 361
350 227
-631 -152
-757 797
948 188
-753 765
-990 -785
869 -862
-207 -527
-60 138
-938 -795
994 417
84 169
-47 -39
106 545
545 937
-748 -248
368 236
-272 -916
-777 272
575 -345
-882 868
554 -51
363 -394
-925 265
-834 80
260 579
-387 -307
377 131
40 -550
184 -150
-899 613
-835 264
-647 536
482 606
806 -300
737 988
506 -303
-373 -282
879 -243
-514 -160
421 946
-723 -16
157 -123
-95 524
-215 -299
752 -990
524 331
159 288
-121 757
-940 -29
63 836
752 919
-162 -117
488 -771
-637 262
-186 -371
-426 -292
-558 501
-741 681
594 -172
548 551
-367 -803
668 572
371 676
-35 120
938 278
-902 -135
-80 679
906 328
85 335
-311 110
128 -519
654 -633
-693 963
60 643
500 -54
951 -282
-810 571
710 -135
61 920
762 -111
-621 -66
-109 629
269 -116
554 11
-477 -714
559 -130
-316 68
-174 -732
277 -760
827 -729
-678 -156
164 278
-985 234
-31 -584
-807 656
-641 -824
587 222
-532 -691
-993 -283
-968 129
476 294
-319 532
-631 174
-639 -147
-535 949
251 -51
-319 645
781 -708
-152 242
-761 785
26 -886
-661 505
-552 224
-660 854
-400 -474
115 956
-439 -114
-651 672
-155 747
-689 -893
-619 -510
-453 941
-329 931
-547 642
-276 -341
721 556
-245 -692
806 -558
-662 -153
194 727
-391 -915
919 -914
-275 359
547 73
287 834
825 623
-214 509
671 -384
595 -961
-837 -754
-798 343
604 -109
-430 586
831 359
-635 -624
-263 -507
-295 485
358 -510
194 -679
-34 -820
-769 -643
-309 -252
-694 459
512 -977
-275 -72
-962 -152
-910 -368
917 -759
-928 4
-250 507
-748 264
-261 992
218 -940
714 676
328 -500
754 165
840 -544
10 -721
961 453
-752 -973
861 676
308 292
566 -927
-545 545
-193 476
-208 107
-687 -858
-374 -47
-126 -642
-839 -109
645 308
-4 -204
504 -968
28 -364
-540 88
-839 -4
244 632
-960 -786
-596 391
-648 688
-890 -54
-792 0
-751 578
-905 237
-632 208
-395 -935
842 4
-73 -193
-573 -150
212 -684
100 -786
-170 467
600 238
762 223
165 -331
-878 498
311 248
922 15
-769 723
-327 261
-970 -817
-33 239
246 -590
979 963
-83 -248
740 -157
-637 -547
556 -880
-31 -128
-510 824
-237 244
860 -615
-854 286
-922 -291
-43 54
-884 506
210 15
661 -259
894 61
487 -892
747 -703
-263 404
833 999
9 -283
-963 -358
238 -469
-567 475
-693 510
-655 519
-883 -189
-149 -193
996 484
261 391
-357 -48
654 954
927 -157
546 -498
595 990
-607 790
-515 392
215 49
915 -720
971 703
-474 -127
854 -850
-125 -806
-169 -540
-135 139
-54 844
732 -856
410 -277
67 -580
432 -374
-855 -982
380 436
-675 547
672 -642
-166 527
284 178
514 -462
611 417
559 -191
118 147
356 524
-147 626
644 65
505 -87
89 312
-326 406
-566 659
-105 994
-639 527
-601 211
208 -614
-833 119
-389 -763
-783 -559
108 131
-70 751
738 6
-740 -976
197 435
272 22
406 193
339 30
-754 156
-948 -652
-553 549
-377 614
100 -239
-93 -902
-718 -395
467 -885
-940 -645
577 607
-536 -759
465 438
983 940
950 -406
-327 -842
16 -755
-410 868
335 -691
-516 919
824 762
767 -527
-516 -780
926 -481
357 -70
480 -642
-988 957
989 541
292 755
-556 -104
-43 413
314 -55
379 212
-732 229
-98 636
-176 -849
-917 302
-518 -462
422 499
-338 156
-945 140
-745 606
-408 -190
-113 -100
-708 -633
511 -171
105 710
-714 227
-197 439
-378 649
-527 552
-412 935
141 -223
563 -77
388 453
-429 -751
847 -672
-783 -254
74 750
-305 754
66 -542
-98 -252
778 -800
-647 -797
209 817
574 162
133 -456
889 332
-781 459
-664 -401
389 -989
361 628
-237 368
-89 -645
-571 940
-229 653
388 -487
627 -617
359 54
767 437
-624 -526
454 270
657 -539
-502 862
649 -510
-871 -475
-998 740
-191 284
-723 -162
43 -910
-139 -371
-169 935
-818 -184
68 -730
383 658
-63 -530
-335 -863
-21 733
999 452
96 35
-393 973
116 174
867 814
43 -240
323 780
-641 -439
234 -464
251 -660
910 -953
-206 829
-685 802
-898 638
305 442
-917 -147
855 -295
-29 879
-465 118
-315 -737
171 -277
-581 -776
987 211
121 -517
-403 -243
519 225
628 -352
-803 -628
329 907
654 -747
-55 -897
132 354
646 236
-392 -812
576 -388
-838 -776
358 882
287 -119
546 -885
-939 -131
10 -583
-153 196
-356 -273
993 -13
-345 -36
878 500
398 84
184 224
-526 276
705 834
-905 708
852 535
-291 788
-163 351
442 959
528 -746
506 70
553 -58
553 295
-552 -557
-168 -804
-140 -415
382 -629
550 -125
652 -598
245 204
-524 -625
-26 -468
900 -501
-515 -782
64 50
-734 -17
-844 -593
45 822
-981 -412
660 -712
-416 -941
216 -411
-946 646
-81 -740
-552 225
-608 905
-164 844
998 -764
243 -634
-486 -42
-588 491
509 139
-738 -385
81 908
977 -147
-780 547
-998 410
-357 -186
345 672
197 -742
774 337
-565 -630
-275 -764
871 -904
635 752
209 2
-45 -414
-911 -393
-34 -109
-587 -885
60 979
864 -82
878 199
933 722
-464 598
850 -206
-484 -998
194 152
655 773
-232 -640
-821 -96
-880 -753
173 -151
-985 -349
410 -74
832 -52
166 -556
-285 -900
-966 48
207 -261
23 -34
-874 -830
793 -623
71 -325
71 6
329 483
212 -512
977 739
969 723
144 -985
44 801
246 155
-193 -269
-122 -415
937 -157
986 706
-421 -309
4 483
792 951
-900 134
451 718
532 -486
-70 -104
-256 -881
-553 -223
-929 916
725 -659
317 -304
282 -647
-133 93
644 -474
-490 -10
-310 -307
779 282
678 -591
-571 -158
-850 -175
158 884
-110 142
-694 -346
-453 -442
663 -997
85 849
205 -55
-413 -860
-54 137
-695 263
-628 -127
-665 -497
-629 -930
708 49
-883 112
897 -91
551 -610
-660 383
399 -469
-985 785
-337 229
-940 910
-718 128
-927 -1000
-295 -122
-466 -742
-239 310
-713 -575
676 -958
-429 491
-646 -39
67 -722
-72 -251
-166 746
-19 905
-910 -331
910 329
-456 800
825 183
-525 92
-523 -522
-115 559
-737 879
-545 759
222 304
-242 -434
833 253
868 322
-982 -478
929 706
32 -945
-236 422
-58 -837
830 877
-959 -587
416 -882
-978 -901
961 -59
557 -932
904 -56
166 -211
-676 -454
-860 962
100 -964
523 -655
924 -60
136 -51
-549 -45
268 -929
-899 -436
-956 -39
409 162
-905 -741
-28 -588
-213 -570
529 834
767 246
-782 511
276 -819
-839 -700
926 -158
-757 -349
-979 -847
-689 -21
780 164
-350 675
-452 506
-232 810
-977 -276
647 -448
152 -419
935 -372
-457 -556
383 940
537 26
889 -549
768 -863
-24 -585
-354 -715
889 664
-489 -748
-932 -940
-328 -339
-276 -848
-318 901
-564 -541
42 -830
358 -53
5 135
-206 -572
-212 -955
-85 -425
516 -596
-17 -569
-53 -139
294 175
-463 388
576 -128
49 -321
746 -657
-942 496
-924 -135
-738 254
-737 835
-553 166
-951 755
199 119
865 895
627 584
-546 954
-833 -217
80 -865
-749 -37
550 -491
806 52
-476 -649
661 799
957 184
188 379
351 -925
41 -186
946 427
-883 907
496 420
-512 -428
-151 -216
-649 -842
-123 -647
-231 405
-403 -993
-869 636
433 294
786 354
621 -124
-908 747
-249 498
-744 -979
-147 776
-882 789
710 205
553 -603
126 260
-940 -582
-280 67
-465 -616
113 -67
-641 -635
-438 -817
244 198
21 -591
57 -170
-418 -805
-715 -519
754 995
-644 -527
-934 -741
-875 -829
-766 -470
517 -909
-42 -794
854 -725
-721 -738
-523 72
146 -974
-825 753
-849 -326
153 -259
-55 -740
665 346
998 -204
978 -13
125 -485
-489 89
519 224
-68 -650
418 -854
734 811
-590 -269
777 146
119 -933
-914 668
-899 -643
458 625
-302 -710
-844 970
895 717
-398 646
971 309
-709 329
-706 632
226 868
-906 -428
-58 616
-526 -196
-314 621
75 -811
-731 -516
363 338
164 385
-695 -999
937 135
-872 73
247 -636
62 288
-633 666
-919 175
285 735
-382 628
-307 400
763 258
139 722
435 287
-535 -338
838 -665
13 70
-69 -304
-611 -807
943 -338
-193 -580
14 -205
-51 473
865 176
872 -150
77 -708
646 -359
185 -306
-845 364
933 -522
-176 141
-985 296
-917 -756
816 -751
522 -962
729 594
717 -210
-659 -935
-399 -738
-87 329
457 823
-496 922
102 27
-440 998
-744 -682
-217 692
877 -746
-599 -568
901 -761
927 239
536 -401
507 -367
-711 833
-154 -529
-979 -758
920 -193
-600 -220
124 261
-897 -185
-710 513
-50 741
685 826
280 165
-314 227
538 -769
90 772
-586 -643
162 153
-659 894
312 374
-466 855
-977 -6
651 -147
572 -770
159 548
-436 -985
684 133
629 670
-831 -248
-188 940
-387 599
319 930
-242 526
963 966
110 29
151 741
444 -431
-82 208
318 -896
-426 822
-972 -25
-693 993
60 673
887 -966
-335 23
423 977
-868 -224
282 -399
-507 -162
552 -146
948 -713
-716 -20
-191 972
520 375
-5 -497
-338 -846
-258 150
-75 926
436 275
-321 643
-457 496
-749 -493
-346 -516
-539 239
-239 951
-108 -14
585 -660
302 -266
-440 -71
-743 752
-645 213
-421 53
355 -164
-4 90
-324 856
820 -41
979 231
-107 -482
125 -564
-58 -744
341 -155
-81 -717
80 920
631 525
541 805
-780 -421
-640 -299
-694 740
-929 36
629 28
906 -333
831 880
-940 459
612 -454
-283 -972
505 590
606 740
132 961
873 -871
850 -704
-817 -51
-612 369
564 -579
-501 865
-831 326
-685 876
512 734
642 -946
-362 -865
879 314
-685 -909
63 -857
-171 -267
404 -62
-497 926
-618 -436
-927 -850
414 189
110 364
-889 -643
36 -419
-271 616
-569 992
989 680
656 -449
-702 -545
-504 -429
-842 -922
-170 -225
-959 -33
116 -51
-653 251
406 974
511 -478
-448 -695
-145 659
-518 -369
761 816
-152 -147
758 -200
-790 208
-69 208
-365 -168
-479 -420
338 818
-69 -676
929 705
622 -533
-142 439
-411 293
-813 -803
995 -854
804 -679
-195 781
-443 -644
904 912
133 450
-723 608
-681 165
-507 -539
-472 -521
636 -868
792 869
-49 -666
156 660
435 -32
680 -591
688 -719
406 84
210 685
910 -467
723 793
250 461
-803 944
-201 -7
805 771
-538 -142
-511 580
-784 150
613 -73
-267 -493
-233 -263
470 724
87 -129
2 882
77 398
386 469
-841 -849
-963 122
423 375
-907 -44
-901 673
-530 -818
-893 -16
730 -625
521 525
42 744
182 -113
508 -504
91 173
-323 812
-466 143
666 -147
-629 153
-77 404
920 -491
89 -867
-245 767
-85 -426
195 296
396 -322
-603 854
-356 -379
-621 -311
275 -772
-994 -745
871 -441
444 -376
-920 585
228 311
-872 -712
-806 -218
692 -623
-277 -986
556 565
-40 860
-886 -837
-403 958
-656 -537
986 -558
143 716
420 839
682 382
744 -745
-96 -556
-336 -221
-312 245
203 -445
-161 -933
-435 -260
-89 389
-808 -895
973 830
-60 427
-431 71
847 382
-864 -680
-317 -939
-230 -344
-610 543
-141 -253
-548 928
342 -245
-232 331
116 283
334 726
650 873
-695 642
-678 736
842 173
144 446
-500 -111
665 -556
547 368
536 -138
-311 -83
810 798
7 -992
264 -894
-975 924
-119 -876
-324 -202
-553 809
-180 261
-713 564
-893 178
935 606
-337 -333
115 -383
141 -948
388 690
353 571
-655 -670
510 -516
401 -778
17 873
641 87
570 119
-461 -279
800 623
-862 648
-805 601
-897 880
587 937
162 -767
-385 -691
-24 -334
-850 -587
903 -303
572 -967
-365 -78
-585 197
-282 486
154 -169
83 871
815 542
579 170
-380 -393
70 -254
-691 211
-705 -834
-25 354
801 341
-175 381
-652 446
-968 567
-469 431
-247 633
355 -443
282 -849
-994 111
515 737
-655 353
537 857
965 -557
-409 -464
-867 120
-1000 -106
-327 163
160 -479
75 775
-85 42
-134 692
-901 207
-104 -134
-329 617
658 -419
-212 715
887 -69
689 912
-356 -909
624 171
-491 -870
-164 -66
771 182
-178 542
-849 -844
904 533
-279 -375
-441 665
535 -843
237 -110
-54 433
803 -617
805 940
-970 -879
711 -616
595 120
-228 21
924 -958
-524 -4
712 828
-807 194
-713 -197
272 397
-177 634
323 -146
-404 -254
850 86
-851 -339
-6 20
121 626
-429 -345
-345 -680
332 612
-708 -473
-414 -70
418 -134
-471 -19
238 266
-225 -653
647 -232
812 -167
223 -838
929 271
555 -576
-161 -229
234 469
-842 521
-401 -696
640 198
-965 318
521 -868
-634 570
280 213
-64 -287
-929 -250
-747 -657
625 -826
-859 -123
-968 -313
-710 864
-683 -425
-918 -692
-247 -496
-287 32
196 -351
-132 -328
-740 -187
-831 -72
20 -638
-340 376
84 -790
762 -290
317 333
962 2
258 -8
420 -417
-553 248
-265 837
-649 -86
-575 -468
957 -279
-896 177
786 231
-126 429
-824 -557
-350 388
28 166
-918 322
683 -589
469 340
672 -461
886 -219
344 -63
434 -129
481 415
783 468
666 706
-49 892
-830 195
139 590
19 -265
-567 -520
530 -374
-311 -326
-467 620
-187 -348
-995 -739
977 -996
-541 -691
-481 553
-250 -438
892 873
-164 675
-604 528
400 897
438 841
708 -967
-157 -751
682 -791
178 266
-749 -961
-813 -422
707 673
-524 -95
995 -469
441 -788
-868 937
-977 192
23 918
-714 -313
-564 503
-302 990
429 300
504 275
12 276
567 -335
-319 49
909 627
-290 -7
34 -50
-733 833
626 -549
637 -308
-10 -21
-393 -869
-33 -480
1 -31
-659 -640
966 -557
-110 -224
-95 -522
-615 191
372 607
-432 -319
-384 -598
994 994
577 -546
63 127
29 59
861 -121
-539 -756
-942 123
939 188
-890 -546
-784 -300
824 140
896 -674
-49 367
463 -495
-166 667
-29 -349
450 818
-364 -844
-301 367
-207 214
-919 68
697 -957
841 -441
-141 117
-544 672
977 700
624 823
198 350
-2 -495
-19 -441
-420 -812
-23 -385
-833 -29
-440 389
-321 -801
-57 642
568 350
553 -339
-175 103
972 448
999 793
-661 791
-378 236
-946 546
-330 760
-734 754
715 319
-256 -659
-726 25
-247 252
-482 316
-28 -586
-89 -586
610 442
-115 -970
888 328
960 -945
-985 755
334 405
353 828
-977 228
986 -427
-11 437
-594 -251
-736 364
-989 -378
353 542
613 -152
-766 -154
858 -480
298 748
-831 -476
360 445
997 -855
-189 940
42 -975
-964 -208
34 917
641 251
384 844
-121 435
319 -426
-850 -721
349 -338
-459 -273
-285 -181
858 -924
-845 -349
152 758
817 708
530 503
4 978
650 -846
-592 193
821 773
255 729
-361 550
-77 -533
-810 386
611 -231
568 -709
174 -890
-758 475
403 -957
-808 802
161 971
-752 -883
505 -182
834 -378
84 181
900 -494
-554 218
-761 523
-208 -18
-799 -597
972 -234
-271 431
715 -249
-491 -236
625 456
349 200
-278 -80
463 -546
814 370
-913 -867
899 400
873 -603
-221 -16
-905 -775
-137 66
-155 755
245 297
-132 308
-585 -134
-436 93
-99 722
-335 -858
458 -688
766 468
-532 89
172 -783
67 359
-400 920
-823 697
233 -896
974 48
-240 -854
-813 -144
993 -549
419 -578
-823 778
487 -930
-390 48
310 -204
-751 262
452 -250
493 355
-119 713
-794 -640
371 -91
-285 -119
-474 -52
-434 633
396 -308
-831 -45
443 -156
-19 958
910 660
-934 -302
935 195
-403 -468
-976 -923
-292 137
537 -762
-852 -534
-44 591
-664 304
-817 -881
-268 438
305 -804
-422 -256
-540 209
-631 790
815 383
-545 -879
-592 892
130 -288
282 931
-523 946
-575 -671
-244 629
256 -992
801 438
-383 -240
-602 746
448 -473
-212 -2
19 -403
624 -787
-308 -535
657 -860
-527 132
919 243
-743 651
-83 -275
287 357
-731 760
-511 -155
-919 -98
-1 -102
669 -1
186 -989
-301 -476
424 -534
312 -60
-303 -638
-581 -276
-888 27
-725 569
-6 -563
-902 876
242 -182
-346 967
783 951
453 304
-678 628
-501 758
524 5
641 359
877 -748
496 876
-891 451
4 -621
-94 863
-253 321
488 -193
445 -702
332 -963
-73 600
54 254
397 816
-879 287
141 -687
361 -53
-403 -163
738 -636
285 91
-93 869
-518 -105
-560 -542
835 245
-34 -848
-11 850
-990 467
857 510
-804 10
126 -140
376 -476
-500 210
-991 553
17 656
733 -369
429 675
435 -389
-554 -92
-330 -828
925 -905
-87 973
-415 696
190 -605
892 533
-692 -891
434 93
-726 768
-619 556
744 -688
-47 -475
639 349
-821 -642
40 139
-636 785
-971 139
362 282
895 180
273 507
963 -658
900 672
689 947
498 -970
-193 -558
518 -323
717 -786
455 -101
-432 66
434 -463
-48 417
133 -96
-904 -105
-710 -922
490 9
512 -202
-681 -674
233 -595
-617 -548
335 867
-721 181
90 674
733 -661
568 878
-199 429
822 659
-880 -395
565 -859
600 -937
-707 89
-945 -70
124 581
-54 293
332 570
561 -802
615 249
-258 907
202 -875
12 484
987 382
-642 -813
462 316
-444 -793
932 -763
-823 -797
-662 -391
24 25
-314 205
157 195
607 -812
-489 -755
-343 473
-539 -983
690 -723
-646 -907
-261 -165
-116 160
906 42
88 618
-862 689
-223 -358
725 738
163 -484
-533 564
493 990
-350 -891
870 -912
-968 -79
-377 248
830 54
260 -582
299 570
448 272
-47 -810
-22 219
-153 926
36 -926
839 -867
896 -899
452 -607
-224 -640
-647 -821
-922 808
-114 965
27 212
476 -470
640 525
-109 -818
113 309
-425 993
-507 958
-294 995
820 -506
602 -399
295 913
-27 311
833 -194
999 873
-53 420
964 -667
-883 -690
-998 797
-780 -502
-830 454
-692 376
378 -414
576 486
-577 -595
-261 36
-300 -218
-418 402
306 587
-546 33
870 75
600 411
732 -299
788 682
182 73
626 679
-229 158
686 329
-447 -383
929 468
-893 -923
-629 -897
635 716
689 -111
119 -686
-150 415
561 818
-983 -127
915 775
-289 654
-642 -599
-124 593
475 780
82 -48
-248 -25
198 876
-664 -519
522 62
-610 276
308 75
-207 -839
-775 693
-111 516
-488 -876
-823 314
-253 994
40 632
-384 -444
-151 -781
705 -383
-117 115
786 -263
825 434
-97 -603
661 -982
-488 406
-75 -142
-899 -870
536 682
874 -702
101 900
-230 965
-465 -953
-751 526
658 788
-35 -507
327 -248
-771 -463
156 -79
-188 -205
525 196
-748 -405
-679 140
734 -533
967 -770
-59 -352
645 699
760 449
873 -604
-334 -728
547 485
432 364
-508 -729
404 898
981 -836
-586 -216
474 -230
-629 -835
867 850
439 -689
-659 -876
612 906
780 -638
-591 285
-985 -794
58 -131
-196 226
379 -470
-422 -597
-25 -783
150 -612
-228 -774
-375 -941
233 940
256 245
-793 50
-737 236
970 -747
-399 611
290 300
436 966
31 -7
-604 451
103 800
54 428
-638 350
-789 -695
889 -185
127 -844
-15 -51
-627 -267
547 -434
-157 792
207 -51
-704 -395
576 -17
700 1000
-627 -698
-293 -272
259 754
192 -251
-353 57
-910 -437
-897 545
-602 521
-800 768
976 287
27 239
-387 500
406 -436
302 423
-974 644
-764 -338
-412 -293
-203 -496
900 24
-688 473
210 -578
723 -533
31 700
-658 -86
507 -613
-929 521
511 932
41 104
-701 -214
-230 -536
757 -540
-139 -550
645 -187
-478 -467
887 -75
188 239
960 -534
960 112
-904 -243
751 -891
-967 796
-515 -48
240 678
41 923
999 6
130 -812
-676 -253
489 -982
36 154
-534 -139
-879 -990
651 -683
-595 -397
-168 651
634 365
-926 -613
-52 225
157 -13
428 -595
-319 954
498 -188
-664 585
710 857
570 -245
-898 -333
941 427
-369 333
646 640
671 -369
138 -7
703 -723
-609 377
-107 -980
772 830
712 -17
-148 -120
-591 -270
-300 471
-78 121
509 -982
-710 767
-459 -508
-564 913
-423 -31
-501 -843
-815 -873
600 992
30 391
-127 692
-343 269
-437 -399
719 537
-635 -980
742 906
906 134
-121 -942
-341 -867
-788 639
283 -536
-575 -256
-904 32
-512 924
-93 66
-275 -188
403 497
-671 686
-96 -174
-189 -258
-589 896
518 293
598 -555
852 -51
-907 -800
-53 895
-641 943
-785 255
-559 86
-740 526
-511 0
-678 243
-35 539
653 -862
-60 207
553 -329
861 -618
425 805
8 -229
351 -203
-796 -812
-95 161
-325 -774
696 488
535 369
-923 -211
-458 297
-89 220
-477 -124
478 461
920 -717
-968 -720
800 -820
-900 -568
747 21
-736 -937
672 942
-808 198
-400 707
-180 504
-893 383
629 138
-775 -876
890 -886
704 383
580 450
-998 -115
-963 -476
829 -870
-324 -8
-513 -287
-401 -997
-842 -455
-628 -466
-314 -26
388 741
-444 -687
395 503
883 128
721 813
333 95
595 884
167 -797
368 894
-500 770
902 36
-280 -648
224 -977
128 -872
333 274
-725 -626
-792 647
-674 -206
-762 381
10 -534
-212 -532
400 -991
-28 600
-541 871
351 451
338 926
-851 -907
-567 628
602 -966
-178 510
-729 332
192 743
-278 178
-592 182
-393 -434
348 -671
-83 -639
196 806
937 -95
-801 527
230 -637
-480 902
298 398
-765 -806
-329 -366
568 -385
762 26
398 588
-247 145
498 -568
-47 -367
156 518
16 497
-767 -414
289 -392
-329 -80
-610 -459
-961 261
423 -1000
351 -49
-664 852
-653 -123
413 -285
-754 -876
-116 -439
-478 -572
-207 -28
748 334
-200 50
-530 626
-62 -906
175 745
-452 -38
858 -244
276 272
442 120
318 -479
-831 182
-992 244
301 195
807 -314
-253 -76
931 -405
870 475
-158 -997
529 753
909 661
-362 -834
897 117
628 89
737 487
-136 673
833 -972
-564 -632
292 -534
-238 -433
190 310
-138 -855
-112 0
-447 -173
-158 -276
125 -284
949 -756
965 -233
942 -202
841 -74
704 -161
-81 562
993 -22
594 -993
153 -814
-990 139
696 100
-876 135
-937 -288
856 -254
42 186
26 551
-864 733
265 665
952 -610
839 -896
187 984
-193 275
916 -790
-104 118
-810 -310
-560 -122
710 295
-17 -12
-307 121
-501 256
-226 -132
-946 -139
-856 -644
-675 -605
56 -330
-369 -650
830 -11
-649 74
39 -308
237 -486
90 -343
929 -859
353 124
-8 -106
-672 -131
-675 -699
-527 -700
-508 -736
82 229
-277 -238
-78 481
-889 -894
983 990
-642 751
103 -741
-195 436
612 804
-945 533
526 -712
-831 -540
353 719
941 70
384 -918
-728 133
-438 -452
-548 406
113 628
-959 -311
-904 -628
382 -377
-283 799
723 -432
793 -45
295 -403
621 613
693 360
725 583
998 581
-51 -554
-963 -895
-489 -998
-585 198
-310 -714
-46 116
-607 428
-656 -311
-570 -950
169 -335
1000 263
-681 411
454 -463
672 -325
-598 453
-664 -253
597 192
5 -592
523 677
321 973
486 -670
-512 -123
-246 129
627 -853
-598 -327
140 357
-656 -875
143 594
-420 -243
-631 71
-357 -672
-653 -929
-636 -633
687 17
490 369
554 934
973 944
-228 370
-898 -42
975 -814
-135 -849
61 -594
-637 -537
-193 -866
569 809
185 560
423 -250
-357 -852
169 -567
551 -877
993 842
699 -873
-775 -39
-974 432
819 867
-94 972
659 -745
-42 -544
-846 -76
-979 747
615 437
-484 -143
12 544
324 338
-984 501
-15 990
-275 -368
617 -885
-280 -739
228 182
-791 484
-124 -481
177 624
969 -167
876 -637
-902 -204
120 -78
-205 666
681 -746
201 -164
528 -454
760 -320
741 -937
295 -649
839 -619
213 -747
-104 498
720 68
942 839
-282 -737
69 825
216 355
750 224
772 258
-696 972
-272 -643
-169 -254
-869 877
-995 -42
207 -314
903 -667
-874 -825
-562 -639
636 846
798 581
-737 660
288 -451
492 86
114 544
691 400
-303 -992
-506 -214
-232 121
-170 -611
-870 -662
960 -727
-652 -475
-664 91
-611 463
156 652
770 -697
-182 -696
930 935
-824 -253
-899 -206
493 -837
-717 997
876 146
-734 -244
636 -166
745 729
276 -560
-544 -383
752 -604
239 547
247 -88
-791 -202
101 526
-593 509
-555 42
684 515
-562 -225
230 125
204 -453
-231 -782
237 -252
768 -243
968 -907
552 405
370 624
405 -571
-367 794
-659 -822
-3 -622
-635 587
745 277
-270 -710
-180 -584
-491 -641
-595 -887
-299 172
-873 -121
115 -21
138 -403
-496 311
745 55
-613 429
448 -664
-439 827
-562 187
278 -782
-982 -134
108 535
-603 958
-420 279
221 -172
-915 -58
-290 -565
68 -404
-616 226
526 866
925 367
607 -342
-903 710
370 -966
17 259
92 833
-508 995
502 -356
-386 -732
-151 -858
-221 281
-952 493
532 533
681 181
944 -863
554 -191
-928 610
994 7
-407 192
524 564
-300 -660
605 447
-37 -179
-827 -621
-947 838
579 -996
818 936
735 -352
-928 -163
-53 422
930 -537
-640 630
538 283
293 -360
221 -853
234 -875
-686 -2
-118 -708
385 -716
479 -879
604 270
-120 986
-698 491
551 -933
950 209
-144 457
-696 -459
-194 -539
-637 -291
965 508
-548 -340
-147 -405
216 -866
447 -474
851 -493
79 -414
-993 979
195 97
180 -598
614 -84
488 4
-289 -85
380 18
-840 893
-380 713
-880 -993
-392 -945
-156 -485
-988 153
159 760
272 916
312 161
729 -702
374 -927
319 998
-771 786
252 459
236 -517
698 -966
-856 416
935 216
46 -403
-905 841
263 735
476 -133
70 571
92 -294
732 -967
785 -338
646 292
-524 876
-720 63
-421 693
-847 263
527 -548
-331 -60
-830 -212
615 -726
-191 -544
-660 -625
-857 821
-800 725
856 -78
-744 167
496 -286
-968 -851
-697 -752
-75 -144
706 356
350 -58
732 740
-490 -649
-695 987
668 -216
136 745
-153 755
-826 695
-109 173
74 -710
92 -883
477 48
-847 860
346 -768
15 -139
-622 59
-645 -697
-139 -282
-954 524
-858 -980
322 910
56 -107
14 1000
-438 -824
315 59
320 -561
460 -102
-174 -242
-160 -463
555 801
62 935
-827 -53
22 273
-355 682
542 584
-923 -712
92 173
-168 -214
997 894
-811 975
0 430
-733 -854
-438 -372
686 474
-720 512
-659 -588
769 -213
487 -600
521 557
-133 565
-452 -477
441 942
466 683
846 -265
515 -315
944 -674
156 374
-420 296
821 68
-490 7
-16 -998
253 -947
518 428
-977 -848
577 -716
320 631
865 -200
855 805
-674 -870
-527 637
-84 953
-3 162
735 -873
86 221
-532 816
80 486
-190 -877
168 -84
715 -407
244 764
-706 351
278 -282
-440 113
-312 134
839 23
605 -730
395 -719
238 746
504 -622
-703 474
-396 -256
143 -644
382 -740
584 -963
-455 -671
-926 -828
972 -203
-32 -421
804 348
967 256
53 -401
644 805
-449 19
429 -689
-587 646
514 -968
748 -516
222 984
-633 -87
-118 415
870 932
508 765
552 43
48 -580
-461 -657
-942 -164
943 585
-185 444
863 -701
953 713
617 -178
-573 992
24 -207
28 855
68 132
877 -751
986 -504
-880 -101
-834 691
-133 770
909 587
257 492
306 -836
-437 -235
-955 -356
-229 457
332 -625
-718 150
567 305
8 532
-722 -314
-449 -680
-993 -757
152 275
315 993
-299 -422
501 762
449 343
951 -451
-220 -934
-464 987
-339 188
25 -478
-29 -198
-840 -140
-878 -41
402 54
-111 -442
-956 209
476 -221
-711 -377
-142 -912
-28 565
-556 -622
260 63
-390 902
705 800
207 -176
444 -180
790 -268
435 51
714 -175
-886 -788
-777 -510
855 559
112 -134
235 -945
971 50
308 722
-960 886
-522 -524
-501 -175
69 491
-801 -599
490 688
14 -441
545 -974
-976 730
98 -135
-330 865
-178 -87
-567 -749
52 -837
97 867
-320 949
630 55
-976 681
504 859
494 -615
294 -959
303 831
-200 314
640 -730
-573 -173
-338 884
-231 -41
329 -768
553 193
255 167
-406 -173
615 903
-226 765
-935 -830
446 -25
-207 933
-219 -975
798 -931
-314 -939
261 750
8 -728
989 -669
-654 -865
513 285
508 487
396 -772
694 -961
660 484
567 -371
272 493
-708 146
997 805
-745 -278
-777 906
-618 -42
661 -137
505 947
-237 -626
-860 -229
-327 -899
293 831
-305 397
793 351
-977 -460
885 705
615 -276
-794 -516
-409 -552
-599 -823
-600 -108
655 577
37 -845
-487 -805
-698 -488
807 266
-194 761
-794 -945
560 -857
-410 -956
986 475
399 -553
658 -743
381 403
803 -192
-807 -155
-62 948
-500 915
348 -82
-416 868
-712 -788
930 290
203 876
-367 -977
-813 361
-271 -159
451 -555
-275 -218
-371 467
-450 -782
655 5
821 813
-790 -792
-321 605
-27 880
-613 -651
390 -922
-45 733
-277 393
-817 -960
-670 -450
-676 500
-209 996
61 985
-740 620
297 -314
294 -720
331 -506
-766 -774
-336 -339
-773 -878
-632 405
-84 -155
-675 -980
-37 -33
-285 743
812 -875
-334 781
-353 422
156 657
909 493
127 -493
-412 462
41 823
-290 953
-641 -994
993 437
-386 -31
119 -59
-632 66
170 868
926 899
600 209
784 1000
-199 236
-981 859
578 -360
-489 542
-310 -277
-2 -992
-666 -117
277 214
-561 995
-723 -124
-559 -738
904 -502
-957 -566
-617 139
569 -383
-811 -751
321 -469
442 6
599 516
582 338
-180 -946
-237 902
-896 -690
-7 807
-778 179
693 624
552 -591
896 -189
901 515
-499 151
-823 995
-177 348
-366 -249
-926 365
-59 -721
314 286
635 702
-812 229
603 412
545 283
-690 -872
-192 -494
677 782
641 -301
-369 -407
852 -334
2 -976
-20 559
72 -777
384 622
460 185
-330 370
-838 77
-367 -604
-924 -153
318 186
9 928
-190 -995
-14 654
-221 -981
-361 546
-338 385
406 -89
-706 -65
813 -611
892 -667
601 -400
44 961
-465 866
-406 490
-28 -238
-782 -5
-681 215
835 667
-395 -520
586 287
178 -871
-334 -571
-759 22
-732 -660
-342 -748
-771 -50
-817 910
-619 722
445 -251
870 558
268 110
-290 917
273 -793
587 -673
-896 -786
58 566
-947 762
-26 834
-574 812
-680 343
-429 -61
-365 32
-844 197
-110 -770
-579 231
894 130
-253 -780
255 -977
470 -91
-87 343
-220 -115
27 543
317 761
-250 -720
451 315
382 449
-214 382
727 -65
699 -883
-581 744
926 -45
45 288
388 -533
746 191
457 -659
-736 507
-528 -661
-181 331
-452 -290
239 30
-438 -371
428 -135
-557 -133
-785 691
788 431
444 -667
-578 -517
465 -494
261 -513
-181 -4
-475 -877
459 416
-186 -748
-494 -57
-979 935
245 -641
-335 771
-279 619
-464 560
-389 -72
-104 -539
-604 -627
-130 -854
33 -791
818 -247
811 437
-10 604
-27 -452
-372 -951
-393 -238
272 -80
123 -914
-766 690
-340 288
39 283
-836 567
575 266
666 -754
-990 28
-201 -565
-795 111
-128 94
-530 125
113 498
-5 -716
106 525
-825 472
53 -515
-770 -938
456 596
-183 -643
299 -626
246 -483
78 -893
916 -530
493 -811
805 -343
-805 -230
269 -265
-85 190
-188 -238
826 -545
754 -176
-767 -88
861 141
-796 286
463 465
440 -237
549 368
656 -770
820 -225
-664 573
-417 -556
237 -226
-379 130
195 -357
590 -237
-823 712
103 -711
-889 -911
932 701
871 -544
85 -651
392 -564
-168 91
-154 -543
-710 -638
-162 17
-489 405
-333 -9
-949 -847
-375 643
29 -513
-82 504
190 381
-119 745
187 -240
318 310
470 -516
73 933
225 866
-190 -208
-284 -279
719 -40
149 -966
999 -103
449 455
-534 253
-472 368
-954 -636
-945 333
341 66
-710 62
23 -154
-123 -504
-147 -872
835 -787
-608 -145
-117 -734
245 -105
-596 345
-392 -444
629 -354
645 -397
-862 109
126 650
889 -356
-43 -616
592 -496
-606 -257
-340 185
891 -845
56 -383
452 629
-307 -268
550 506
-467 470
504 -738
28 -78
-104 -165
-145 -310
179 -347
-861 -866
-854 85
-846 584
-363 569
774 744
258 508
-281 993
173 -935
-151 -363
528 386
728 858
-458 590
-681 -678
261 860
-761 898
904 -401
-441 -442
96 115
900 849
-137 439
-426 206
-564 -974
-103 -338
845 -110
-624 271
-470 160
225 -712
263 160
586 -634
-859 914
879 320
-528 311
384 71
-120 798
-879 -433
879 433
-450 385
120 -270
-906 -69
-668 914
-958 744
811 -631
-556 308
-802 -24
-183 310
471 -140
-593 -249
-563 541
775 299
47 752
623 45
-464 617
-270 -260
913 -660
366 425
-481 -897
-997 541
122 917
-467 -724
105 577
-93 99
861 -205
-533 552
-414 -609
548 837
-14 536
-877 -995
-88 971
-601 -801
537 -574
-35 -903
-879 827
756 791
566 528
182 -624
-74 -754
459 948
-579 685
-479 -313
-688 -45
-444 79
-744 -198
934 -221
550 407
17 -394
592 409
666 688
136 -411
356 874
222 -436
-265 -941
35 451
127 169
-431 93
-104 827
-123 428
-389 934
667 6
79 778
973 -601
-104 -329
969 466
-227 252
-333 617
-916 749
236 742
-594 -980
683 -17
-219 -957
704 303
81 956
-559 -739
323 651
-110 90
-124 25
827 43
138 284
-747 -274
214 739
-474 73
592 -666
-703 -549
-558 -284
-328 461
784 -466
505 -811
267 -814
707 -859
-246 -801
712 87
-814 880
45 477
871 593
584 401
15 261
894 -83
943 -741
938 424
-635 -560
464 31
150 -298
-955 76
855 61
-710 805
-112 -710
-777 -895
-81 -284
155 575
885 -148
247 429
910 701
-750 -448
513 853
-688 580
-312 831
380 353
273 857
841 -252
15 72
389 771
-191 -395
131 -977
-770 821
395 -983
84 -98
-472 -837
-623 -517
162 -837
-9 595
245 -177
-853 -2
-437 872
273 -213
515 -716
-98 -97
-868 443
739 -89
943 -478
904 769
-645 147
-910 412
700 507
-871 -324
721 -412
274 -115
-948 -767
-448 -368
476 -946
109 -397
954 493
-178 695
775 649
7 -631
-55 -55
-590 -700
-556 -512
-229 193
337 -983
134 -195
667 558
-957 -970
125 416
163 863
-525 899
595 832
-822 94
565 -581
-877 -615
423 119
-879 711
272 -508
695 395
-185 -72
837 -462
945 -76
704 -368
194 140
-525 -842
-472 6
-984 314
510 806
-240 169
588 339
619 -95
759 282
-64 -984
985 329
-198 -622
604 741
570 949
-552 -835
-539 -560
540 -329
791 -73
-364 330
470 370
-933 -892
-365 -362
-442 -837
-264 950
702 57
-919 -298
924 -266
-838 -316
737 587
-191 692
-666 989
-412 -731
568 283
35 522
482 -93
266 730
-139 -602
-878 372
-472 -700
895 -580
-917 -537
-2 -244
195 -529
9 -972
-577 -334
-56 607
130 -991
-639 -156
-951 -272
725 -687
-168 736
876 335
-514 -198
408 293
-651 -419
-57 133
-604 984
-989 -153
-258 -313
-133 919
-510 732
750 990
765 -491
-480 107
137 523
-135 -114
-504 -783
772 -990
146 843
-252 171
606 557
-500 564
-794 -697
-721 867
-710 520
-177 358
778 151
121 854
821 275
-586 -652
-842 -798
-400 -918
230 -131
82 -507
850 773
-191 -15
442 -36
-205 366
-285 -88
310 -124
-533 801
966 -648
-803 88
-683 -431
-405 45
358 903
736 -294
587 587
161 473
-603 903
-906 -279
-956 332
20 -632
696 961
-547 400
259 581
693 -1000
-112 -879
810 -751
981 800
476 -195
513 526
-109 -37
-535 -969
-446 768
683 218
176 -576
-440 177
114 -833
-573 122
-200 640
-855 -954
382 646
161 -801
772 412
598 -424
-297 -54
596 568
-943 -469
752 -229
71 254
407 -90
-465 805
649 -890
748 -851
-965 591
-321 878
722 -975
-853 -425
-41 494
-181 539
507 741
911 -828
862 57
174 -611
634 56
574 -113
38 -35
-72 497
767 484
18 571
473 678
468 -789
131 1000
478 433
221 -956
636 -60
710 927
513 -686
-713 852
711 -539
90 687
897 -414
352 238
962 -267
-579 415
102 62
233 189
366 -116
-767 -826
890 -775
-871 -848
15 514
-288 -626
-949 799
216 -891
-46 612
-370 -339
-997 -950
160 767
972 -515
-823 965
233 -20
-263 253
150 738
688 5
387 -788
515 -415
-569 -264
-534 -584
-848 660
-132 940
440 -950
555 324
-561 355
-209 -258
975 -491
-959 -48
-873 -809
573 -427
348 -88
-163 76
717 232
-819 744
174 -221
-887 920
873 954
564 301
-183 992
373 -355
645 -588
-711 -351
-769 -898
520 282
-795 -898
848 -699
-601 -849
74 -48
-839 -443
752 -88
-714 143
-363 -388
-865 -710
524 -559
-50 465
230 577
622 667
-434 225
535 288
-368 -721
-425 -773
377 124
826 -846
-363 378
-308 -978
-663 -222
390 928
525 219
-468 -284
-751 694
511 -691
-515 -989
511 350
723 798
350 -870
590 -449
-458 440
863 -281
755 625
635 -889
633 13
722 -570
631 -384
-856 -463
362 29
255 -971
-261 -703
828 705
-703 893
924 -713
-962 -766
-779 -30
807 -429
-703 671
-266 -12
105 224
803 355
401 743
-290 -402
2 542
-992 -851
573 853
148 -314
90 199
-988 -684
-911 -384
-470 -26
230 -108
478 -731
568 -908
-881 -308
-801 939
440 200
-512 600
442 -266
772 310
762 646
-900 659
-239 709
765 625
-342 -802
249 -40
745 -823
-208 -713
-69 -655
715 149
-36 -608
-48 915
818 -812
260 128
923 -64
-154 371
-683 527
221 -312
-389 615
544 -90
38 -453
493 -674
-681 -39
765 -933
-212 335
978 611
524 731
-478 127
-729 -307
-987 -979
-463 602
-13 -427
588 545
-208 616
16 96
753 -298
-288 -246
52 -109
88 -522
157 721
-267 -433
586 209
306 409
879 564
553 -945
534 81
-232 624
-332 -671
-600 288
797 -437
787 -278
454 -687
-891 489
-776 531
81 -442
-853 -792
534 -692
233 117
774 354
-689 296
208 -295
-115 457
-746 -191
945 784
-823 780
-785 -879
-272 -85
-189 -819
252 149
-249 561
-975 -517
396 814
533 475
-731 -96
-732 770
772 756
-49 15
905 -953
88 551
711 513
15 62
-847 471
-181 -851
856 -141
504 -184
104 320
-202 432
472 164
-229 -714
449 180
-967 363
-499 -828
-95 303
508 939
351 987
-152 478
-117 705
-773 907
-841 -325
-827 -920
-679 -649
21 -773
-799 -454
469 -98
454 355
-25 -257
100 -189
-637 -934
627 -277
-180 66
-19 -947
421 971
171 -254
333 -721
546 724
230 85
111 -319
488 628
505 698
108 -962
-251 987
543 225
555 -374
536 -56
345 -481
223 805
461 -186
-375 -624
661 -176
125 67
171 -335
121 740
-569 -634
146 987
710 -523
-952 603
551 -702
609 760
204 308
816 958
-177 391
104 15
-390 675
-890 -636
-120 -307
-272 -542
-97 -678
-852 50
-423 -608
-444 183
735 -780
506 496
-839 841
729 -310
576 566
298 260
-633 865
304 841
-586 260
331 340
-398 791
-360 -215
-308 -588
-964 913
-862 -173
840 -937
-946 350
511 71
473 907
583 243
930 -660
-905 231
591 -948
-554 119
-928 696
-337 586
635 -243
61 -788
-455 111
508 685
-930 434
-263 727
-633 -114
282 -690
-328 102
-873 782
-835 183
-778 392
-209 359
-169 614
898 189
-497 -744
611 694
686 -674
-82 -60
-849 117
846 -825
-574 564
-845 110
-449 756
974 195
-797 346
854 917
-394 -93
312 -333
-414 -26
822 439
310 219
609 314
777 534
-134 105
-642 773
-897 -157
850 -19
6 -791
438 -499
-453 -852
424 820
-132 -523
920 89
-941 -573
197 -856
589 75
746 -930
-389 -11
-728 -374
-823 183
380 232
-881 -277
460 144
-996 844
-751 -826
511 551
419 909
-976 -989
355 11
-311 189
216 323
-176 -37
-104 -690
-303 730
766 -636
835 -966
-156 543
687 -209
-739 337
32 85
199 -710
71 -511
53 449
-881 -194
796 111
-60 153
914 -299
321 -830
-689 664
-554 177
-251 -441
-5 360
-477 657
717 -598
629 309
-798 540
943 -263
-725 456
-499 -530
132 -79
-660 754
550 375
809 319
333 -619
-773 32
-698 -611
73 116
457 149
-119 137
997 531
406 -988
-875 -955
989 -813
984 593
-694 -400
-623 43
183 137
-691 796
411 -598
-135 -44
-224 159
-267 -116
-343 -455
-729 -942
-840 -764
823 974
-449 633
281 -459
742 -244
953 -464
-586 -638
950 503
759 637
-557 -303
-387 821
-280 -566
-100 -298
-171 744
-110 540
-34 -944
327 753
-672 483
133 840
-673 -195
-410 -921
618 702
242 154
-961 684
-828 323
930 325
405 -389
483 237
-29 -137
659 238
-181 -896
717 796
-665 -897
-545 -235
-502 -906
-404 617
-767 483
-919 -401
-28 456
-709 661
482 -824
303 188
952 -605
622 858
914 115
-839 129
481 766
143 -521
155 -58
-278 -359
-24 169
891 804
691 460
736 -834
948 -380
-990 -60
-139 782
-24 56
22 -618
857 869
-292 -24
573 97
-151 -463
740 -392
5 -485
502 481
244 856
-196 -733
-640 -282
925 -18
-153 -138
-886 732
-688 -628
-858 -845
699 -608
90 757
710 996
-474 -600
-40 -677
675 412
-125 -461
197 832
-344 -47
897 906
534 449
991 874
-957 -968
264 -743
-808 50
-825 859
72 54
733 831
-531 570
-181 -510
-944 737
-153 -347
-405 916
-300 -474
154 516
665 -401
295 -246
128 151
323 -104
-370 -150
461 45
-979 -594
-849 259
-34 156
-798 313
944 -396
650 439
523 143
821 430
142 747
399 248
-187 152
457 -803
-600 -258
688 300
-105 -400
717 175
559 -324
-559 322
-816 -843
105 543
-678 455
-750 -203
89 -541
-213 531
-104 266
710 -27
-39 -278
-579 -803
-565 -254
-308 -333
-562 256
562 594
-922 795
61 -253
714 -888
-287 472
947 -87
112 -95
-640 -890
341 382
144 -971
-769 893
550 477
352 664
836 698
-108 370
165 770
873 -519
296 975
-688 140
212 -709
557 -724
756 -807
183 930
681 316
-855 828
904 -281
-919 722
-475 513
84 805
-842 -203
788 923
432 -751
341 -199
-947 620
954 -765
-752 -197
718 463
-442 -74
242 -44
999 482
257 119
811 552
708 -142
976 -831
-664 734
802 -232
-456 722
931 -329
-76 -415
584 -214
261 313
959 342
858 359
-845 -171
898 538
634 -562
-613 -223
-393 -964
-618 -357
-87 -234
-33 598
-724 843
-478 687
-638 -719
-182 258
-549 471
540 605
321 273
-786 -831
566 489
736 -437
323 -592
-118 -484
797 219
365 -852
961 466
-316 397
-792 478
544 358
633 -979
-165 875
93 -168
-108 210
-247 524
-562 284
-412 -283
515 -799
-783 481
661 -916
862 -217
-913 -113
-304 337
285 -719
-433 630
175 -115
-140 -258
-108 -150
-18 -678
853 -154
-260 -633
557 -769
-309 -828
910 -418
74 -575
-816 818
645 765
638 480
869 -460
-217 706
677 -824
606 749
646 580
82 -605
695 -446
-327 -857
-931 395
-23 -654
-297 -948
-300 -17
626 -960
-860 -249
805 682
880 741
-993 -988
-885 572
-745 -169
12 626
585 304
-253 -388
146 -909
694 -163
-410 593
48 -104
115 -97
-951 129
-328 -357
-818 487
-707 534
707 114
-356 -108
-290 -366
-620 910
642 -117
808 874
-353 985
-171 934
-840 -236
75 298
-358 251
901 112
-579 -876
56 493
-192 542
460 -823
60 -13
-222 890
-164 164
514 806
240 201
355 -460
528 918
187 -662
583 944
753 909
-959 639
-152 -381
-653 -772
496 -438
790 -522
-213 -891
553 -363
52 703
914 302
946 -441
902 -745
334 -779
602 589
330 -835
-751 539
-126 858
-899 -47
611 793
95 392
-425 -662
-436 339
364 415
392 -4
957 366
152 -533
630 -576
271 -229
-865 -247
-449 420
153 179
831 -112
316 -605
-283 -562
475 -729
-928 -80
893 -306
-137 487
98 625
-424 -289
833 -574
447 646
33 950
90 641
103 -787
-980 934
206 219
-501 823
704 337
39 -150
68 -789
-422 -977
422 979
-595 -169
389 -342
-315 -353
188 721
-229 -427
15 608
-91 -392
-820 671
940 -67
-741 296
-797 -688
185 -823
-470 -171
-419 -765
100 446
723 -469
-372 -701
693 143
271 985
-272 -258
372 -128
-794 84
345 162
368 717
261 -822
-483 -238
-549 -593
-927 370
958 31
-65 -222
775 -559
-349 7
473 -682
-695 -870
-670 934
-392 -496
974 -665
-639 -687
221 -427
749 27
268 550
-120 -491
-14 -435
-203 388
28 -186
834 -207
-443 516
166 -185
52 514
-308 -948
-553 -99
449 -252
-404 -685
673 -348
-652 871
410 68
-502 -486
-682 139
-790 768
-484 754
-543 981
831 989
-848 -91
-927 -336
-819 -337
620 204
76 946
-495 -970
318 -27
380 -193
-370 -546
670 -189
-523 316
-133 908
479 -784
-505 -525
548 -586
-956 -428
-77 63
-874 -103
965 330
-31 -458
879 276
849 289
-736 511
-699 -227
-246 -770
-37 792
970 -627
515 -470
-930 -23
881 -802
786 677
-261 -341
-23 612
-7 -881
-25 209
-352 708
-239 347
-859 -24
327 -887
-508 477
-803 113
763 -972
-702 -484
-719 -516
685 750
-595 4
670 66
-258 311
285 224
-45 970
-742 358
520 -625
621 641
438 -236
-622 -170
-158 616
499 -379
-847 469
-628 689
-656 -305
748 -489
-247 646
848 178
-992 -393
-687 143
-920 -252
709 -323
43 848
-640 -647
886 777
-868 -268
-740 545
869 597
-49 -878
892 410
-749 286
570 658
-451 817
-706 320
706 -324
649 -913
445 446
144 983
-572 -393
-493 -596
-536 -46
-636 -514
-856 -817
-757 -824
-653 615
581 504
919 -439
59 258
772 -279
74 205
334 315
-151 587
-995 343
-852 -444
-266 -569
-657 -316
-787 468
110 802
319 -772
-66 460
-246 606
-630 839
533 -329
-343 -682
-93 -961
521 944
-122 759
372 136
-34 -275
346 -78
-309 -665
158 -230
963 -74
850 79
-798 -309
-366 154
50 519
-289 -837
-822 -427
306 669
163 892
1 73
785 696
-112 -327
154 -691
-168 -245
579 -348
55 -322
175 909
971 -789
210 -348
-559 993
613 -455
-64 -437
-846 454
314 -219
-167 699
-63 917
98 -899
885 -497
261 329
-525 -794
358 -450
248 -125
-520 87
370 -545
-384 -650
275 82
901 394
363 637
848 15
326 -823
532 281
-636 709
-913 -344
-303 781
875 -238
190 -552
-151 -820
-799 -872
601 235
168 -115
-213 -245
239 -798
-201 -725
308 735
286 -792
-834 427
464 949
18 -971
434 -140
-173 -442
320 20
331 -129
-454 -417
854 -206
-442 -553
574 496
-743 -491
715 266
-7 722
445 -183
-852 -103
-419 939
196 653
-489 896
-97 -66
761 41
-763 -759
-382 -33
7 -558
490 128
-572 -834
612 875
497 -196
-926 -727
-238 440
-234 528
-715 -856
182 101
805 728
-357 455
-472 -129
-936 -306
-882 279
860 -333
362 -734
-873 95
954 -23
-567 -483
-513 237
-807 -434
689 337
-323 -239
-931 -494
237 909
608 367
671 470
-362 939
698 336
278 -780
-483 -356
513 845
50 -796
-447 562
-445 -804
-336 -523
-165 680
413 260
-12 122
725 347
-421 687
-666 348
-917 604
-876 234
-818 928
-870 519
-444 149
-974 756
-468 -861
-783 -238
368 31
502 -362
100 942
-236 -26
-530 78
899 880
-286 824
-23 410
943 91
486 722
844 -351
607 78
88 -944
-667 -109
557 -943
339 972
181 -570
-715 -345
1000 -327
-460 -820
691 144
-601 805
498 -942
818 53
-256 482
-844 238
-564 302
810 657
595 477
816 -700
-317 -639
-727 -746
-4 854
-535 778
-124 118
-195 312
-392 854
353 843
-767 -842
572 874
-242 -583
-441 -474
810 947
885 -893
573 -959
586 922
-401 -956
128 798
495 -456
-192 -38
882 -497
346 -227
-659 538
58 194
276 125
-846 -25
25 -863
-997 -981
-81 135
281 417
-341 714
121 -533
-668 -698
-181 -41
868 981
-137 987
190 313
788 -553
533 309
-842 -936
-547 307
73 865
797 -822
813 -411
760 549
239 -410
-508 536
782 -573
-692 701
-28 660
576 -101
-944 -368
-274 991
628 -650
-677 -619
-460 -259
850 -493
378 138
602 490
89 213
-949 -327
88 -353
-386 -517
518 -858
-974 664
134 -968
-579 -615
-320 -797
800 136
-839 -41
-130 -689
-982 683
-772 -226
277 704
-278 -377
175 -41
653 805
-856 -812
32 -188
-679 -529
-5 -612
-227 -688
-829 344
800 342
911 578
321 -50
-43 702
276 -729
191 984
238 -832
74 -585
325 86
-617 452
797 -218
580 732
-892 -942
-141 -326
639 115
-473 461
-108 702
508 727
-530 422
-225 983
-575 231
-773 191
288 887
-604 928
-20 -734
21 143
854 -329
82 -551
-867 -717
996 -187
343 372
-89 -845
-93 -877
426 -266
-99 -833
138 399
684 -91
-1 593
746 -157
194 -604
-263 201
-241 578
-181 -158
-544 199
-708 437
594 391
-831 -376
-314 13
-987 509
231 -887
206 -226
-757 360
513 772
-329 -951
-489 195
-38 -795
-975 48
81 -624
-610 376
289 341
-912 656
113 937
942 -60
544 749
803 860
513 550
-915 -120
-767 92
630 609
-750 -190
-8 -626
247 832
-610 165
-655 -489
-13 235
-687 936
208 560
-786 -409
-549 806
644 13
-374 78
958 -283
766 978
381 -923
-626 328
-639 579
75 -67
136 -80
-174 -54
-467 -42
-544 -260
-274 17
235 -603
-195 670
205 932
-449 110
298 -14
-874 -279
-789 545
772 -647
-768 766
-610 -377
85 -339
-847 -124
850 -576
-390 -651
-895 -336
418 862
891 -441
-847 -235
-760 168
169 -718
-158 231
186 -259
823 -862
-46 636
-495 -52
208 404
243 13
-77 -221
524 284
-401 -787
-501 -932
483 619
-737 315
-855 -387
107 859
444 -762
-63 -254
-656 -65
-92 51
-767 877
-705 -623
48 666
86 934
-36 250
-509 250
-710 985
-812 -724
-927 -677
-161 -336
-789 425
75 256
743 977
-251 -195
804 -438
-96 819
973 -902
855 948
36 -905
-346 -616
585 -961
-717 -947
763 -481
796 -788
351 245
-336 -377
-799 -865
302 459
817 997
-696 -745
620 -409
-336 34
-724 280
27 112
-353 315
369 -936
-473 -906
38 336
652 -702
-106 -618
990 246
5 -320
-800 -893
-657 -507
-107 -78
514 388
753 -79
685 429
-498 979
-376 893
-600 733
-465 -667
-546 -648
440 -204
181 -972
-428 514
372 126
-32 -822
54 774
929 -192
-128 -669
981 -531
924 -584
96 -608
589 516
-609 -464
-248 255
651 -937
756 -269
-450 -418
671 34
-474 -304
-926 464
-46 608
423 -511
-205 432
-223 653
-195 -140
345 569
-767 -540
-569 -665
-175 981
-582 -679
-214 -279
-943 764
-684 -203
498 120
-618 251
110 85
-807 -145
-372 86
408 -353
732 -835
175 -514
-280 -994
769 619
-459 -77
-871 426
727 -892
704 -6
469 28
-90 -289
-517 -48
204 799
133 277
297 -321
386 -104
455 -611
-827 610
-397 213
-692 975
973 557
-745 924
-355 -236
156 969
682 -276
454 226
-711 14
-293 -34
627 918
-280 294
465 827
830 -793
744 730
-114 637
972 -363
-236 25
-731 581
-621 253
-294 -714
264 -171
-870 -695
862 25
-411 925
829 -270
222 -320
-322 -818
-948 -742
-273 771
179 -380
-944 188
-22 -177
925 -362
-244 -833
-316 -340
781 -538
735 -450
751 -827
56 -128
-716 420
-571 -472
433 -795
88 410
857 601
-879 -542
-251 911
24 642
284 -370
392 934
233 268
-570 164
-878 237
-638 668
-149 -24
534 -604
68 218
-91 -363
-949 174
-145 -855
-728 145
93 697
-376 454
-618 -12
719 -677
950 91
-811 -899
647 25
741 334
-731 -170
-751 272
56 -597
826 204
561 -45
295 -447
-556 341
-186 107
285 105
603 -633
-464 699
564 -983
-243 -483
258 803
-428 -625
733 -69
950 276
652 -32
296 -715
194 212
-378 -427
934 -715
418 -755
18 262
197 -230
-57 -214
510 926
-740 -121
-117 140
225 -140
438 -839
257 -776
-788 974
-582 61
-665 -904
80 354
888 -711
-719 323
-951 767
-127 7
948 -526
-626 -471
801 -693
-147 -822
-442 -944
668 146
-791 993
783 195
14 -281
632 941
-395 -687
-397 -21
821 -616
752 -217
-239 -942
507 -522
-196 863
518 519
888 946
-27 112
904 951
246 172
829 -460
-131 191
50 507
-265 730
-467 -160
-757 582
-593 -866
961 -466
-807 928
-454 -377
-649 499
-169 965
-680 349
514 255
547 -543
-963 832
-259 568
-837 -91
82 -554
-562 -162
521 -478
39 -69
-286 -354
-179 -720
548 -592
291 392
-42 -782
-526 764
-85 -942
677 -993
-868 649
251 525
989 -554
-231 -563
-125 -46
324 -458
-534 -294
485 -74
-410 652
167 779
228 -863
525 609
-547 -953
-31 429
627 71
301 -774
884 350
462 -442
650 -744
820 966
-307 -557
-841 902
-107 684
-755 -171
-78 -448
910 755
36 -273
668 417
838 881
864 -259
-752 338
878 22
235 -339
255 897
973 258
-466 400
734 -170
-198 -609
-125 -705
857 -754
493 925
-552 -894
-682 -152
-61 -825
944 -589
-920 656
829 -251
-169 327
910 444
588 -753
700 592
727 -963
-406 441
-737 696
397 424
-164 285
490 -602
658 -82
-204 -515
951 -840
-864 -768
316 62
176 585
-605 831
-674 977
105 -688
-600 595
321 -87
-246 378
-192 -728
-891 -547
312 -929
-606 -986
-149 -763
-633 -90
77 -720
-898 971
-19 60
-309 -965
531 -874
897 713
227 824
73 -799
757 360
-686 698
-812 359
609 -580
418 974
-940 -969
851 348
-811 -956
902 279
851 461
-937 -994
